Sample	0	1	2	3	4	5	6	7	8	9	10	11	12	13	14	15	16	17	18	19	20	21	22	23	24
SRR8438042	(16.0, 1.0)	(17.0, 0.0)	(18.0, 0.0)	(19.0, 0.0)	(20.0, 0.0)	(21.0, 0.0)	(22.0, 1.0)	(23.0, 2.0)	(24.0, 1.0)	(25.0, 1.0)	(26.0, 0.0)	(27.0, 2.0)	(28.0, 1.0)	(29.0, 1.0)	(30.0, 0.0)	(31.0, 5.0)	(32.0, 3.0)	(33.0, 0.0)	(34.0, 1.0)	(35.0, 5.0)	(36.0, 2.0)	(37.0, 1.0)			
SRR8438042_1	(16.0, 1.0)	(17.0, 16.0)	(18.0, 58.0)	(19.0, 193.0)	(20.0, 464.0)	(21.0, 992.0)	(22.0, 1414.0)	(23.0, 1425.0)	(24.0, 1016.0)	(25.0, 730.0)	(26.0, 900.0)	(27.0, 1281.0)	(28.0, 1698.0)	(29.0, 2216.0)	(30.0, 2908.0)	(31.0, 3716.0)	(32.0, 4733.0)	(33.0, 5697.0)	(34.0, 7186.0)	(35.0, 9335.0)	(36.0, 11981.0)	(37.0, 6939.0)	(38.0, 32.0)		
SRR8438042_2	(14.0, 3.0)	(15.0, 71.0)	(16.0, 656.0)	(17.0, 1396.0)	(18.0, 1477.0)	(19.0, 1123.0)	(20.0, 783.0)	(21.0, 702.0)	(22.0, 797.0)	(23.0, 987.0)	(24.0, 1368.0)	(25.0, 1803.0)	(26.0, 2513.0)	(27.0, 3235.0)	(28.0, 3939.0)	(29.0, 4883.0)	(30.0, 5586.0)	(31.0, 6141.0)	(32.0, 6478.0)	(33.0, 6449.0)	(34.0, 6135.0)	(35.0, 5172.0)	(36.0, 2871.0)	(37.0, 363.0)	
SRR8438043	(25.0, 1.0)																								
SRR8438043_1	(19.0, 3.0)	(20.0, 1.0)	(21.0, 4.0)	(22.0, 6.0)	(23.0, 6.0)	(24.0, 9.0)	(25.0, 16.0)	(26.0, 33.0)	(27.0, 54.0)	(28.0, 77.0)	(29.0, 89.0)	(30.0, 124.0)	(31.0, 190.0)	(32.0, 281.0)	(33.0, 395.0)	(34.0, 534.0)	(35.0, 819.0)	(36.0, 1327.0)	(37.0, 887.0)						
SRR8438043_2	(16.0, 2.0)	(17.0, 6.0)	(18.0, 14.0)	(19.0, 22.0)	(20.0, 17.0)	(21.0, 20.0)	(22.0, 31.0)	(23.0, 56.0)	(24.0, 86.0)	(25.0, 111.0)	(26.0, 136.0)	(27.0, 201.0)	(28.0, 241.0)	(29.0, 335.0)	(30.0, 366.0)	(31.0, 474.0)	(32.0, 587.0)	(33.0, 629.0)	(34.0, 639.0)	(35.0, 524.0)	(36.0, 329.0)	(37.0, 29.0)			
SRR8438044	(25.0, 1.0)	(26.0, 1.0)	(27.0, 3.0)	(28.0, 0.0)	(29.0, 2.0)	(30.0, 1.0)	(31.0, 7.0)	(32.0, 2.0)	(33.0, 2.0)	(34.0, 2.0)	(35.0, 3.0)	(36.0, 2.0)	(37.0, 1.0)												
SRR8438044_1	(17.0, 1.0)	(18.0, 4.0)	(19.0, 16.0)	(20.0, 42.0)	(21.0, 121.0)	(22.0, 238.0)	(23.0, 322.0)	(24.0, 509.0)	(25.0, 761.0)	(26.0, 1354.0)	(27.0, 2473.0)	(28.0, 2596.0)	(29.0, 2239.0)	(30.0, 3053.0)	(31.0, 4573.0)	(32.0, 6044.0)	(33.0, 8395.0)	(34.0, 12300.0)	(35.0, 18070.0)	(36.0, 31319.0)	(37.0, 17036.0)	(38.0, 23.0)			
SRR8438044_2	(15.0, 5.0)	(16.0, 78.0)	(17.0, 301.0)	(18.0, 530.0)	(19.0, 660.0)	(20.0, 726.0)	(21.0, 914.0)	(22.0, 1186.0)	(23.0, 1617.0)	(24.0, 2050.0)	(25.0, 2634.0)	(26.0, 2962.0)	(27.0, 3685.0)	(28.0, 4818.0)	(29.0, 6188.0)	(30.0, 7527.0)	(31.0, 9577.0)	(32.0, 11512.0)	(33.0, 13095.0)	(34.0, 14753.0)	(35.0, 15315.0)	(36.0, 10306.0)	(37.0, 1050.0)		
SRR8438045	(33.0, 1.0)																								
SRR8438045_1	(17.0, 2.0)	(18.0, 6.0)	(19.0, 34.0)	(20.0, 84.0)	(21.0, 223.0)	(22.0, 396.0)	(23.0, 377.0)	(24.0, 243.0)	(25.0, 209.0)	(26.0, 248.0)	(27.0, 368.0)	(28.0, 512.0)	(29.0, 694.0)	(30.0, 944.0)	(31.0, 1318.0)	(32.0, 1769.0)	(33.0, 2244.0)	(34.0, 3012.0)	(35.0, 4279.0)	(36.0, 6080.0)	(37.0, 4022.0)	(38.0, 24.0)			
SRR8438045_2	(14.0, 2.0)	(15.0, 33.0)	(16.0, 190.0)	(17.0, 346.0)	(18.0, 344.0)	(19.0, 343.0)	(20.0, 321.0)	(21.0, 368.0)	(22.0, 400.0)	(23.0, 596.0)	(24.0, 796.0)	(25.0, 1122.0)	(26.0, 1489.0)	(27.0, 1873.0)	(28.0, 2185.0)	(29.0, 2472.0)	(30.0, 2793.0)	(31.0, 2959.0)	(32.0, 2983.0)	(33.0, 2688.0)	(34.0, 1829.0)	(35.0, 856.0)	(36.0, 100.0)		
SRR8438046	(18.0, 1.0)	(19.0, 1.0)	(20.0, 0.0)	(21.0, 0.0)	(22.0, 0.0)	(23.0, 0.0)	(24.0, 0.0)	(25.0, 0.0)	(26.0, 1.0)	(27.0, 0.0)	(28.0, 0.0)	(29.0, 0.0)	(30.0, 0.0)	(31.0, 0.0)	(32.0, 0.0)	(33.0, 1.0)									
SRR8438046_1	(16.0, 1.0)	(17.0, 5.0)	(18.0, 12.0)	(19.0, 67.0)	(20.0, 218.0)	(21.0, 772.0)	(22.0, 1596.0)	(23.0, 2378.0)	(24.0, 1766.0)	(25.0, 438.0)	(26.0, 272.0)	(27.0, 377.0)	(28.0, 463.0)	(29.0, 638.0)	(30.0, 848.0)	(31.0, 1011.0)	(32.0, 1362.0)	(33.0, 1765.0)	(34.0, 2373.0)	(35.0, 3353.0)	(36.0, 4805.0)	(37.0, 2209.0)	(38.0, 6.0)		
SRR8438046_2	(14.0, 5.0)	(15.0, 146.0)	(16.0, 581.0)	(17.0, 1297.0)	(18.0, 1685.0)	(19.0, 1673.0)	(20.0, 1326.0)	(21.0, 1095.0)	(22.0, 602.0)	(23.0, 481.0)	(24.0, 592.0)	(25.0, 790.0)	(26.0, 1010.0)	(27.0, 1263.0)	(28.0, 1427.0)	(29.0, 1664.0)	(30.0, 1972.0)	(31.0, 2171.0)	(32.0, 2284.0)	(33.0, 2135.0)	(34.0, 1680.0)	(35.0, 777.0)	(36.0, 79.0)		
SRR8438047	(22.0, 1.0)	(23.0, 0.0)	(24.0, 0.0)	(25.0, 0.0)	(26.0, 0.0)	(27.0, 1.0)	(28.0, 0.0)	(29.0, 0.0)	(30.0, 1.0)	(31.0, 0.0)	(32.0, 0.0)	(33.0, 2.0)	(34.0, 1.0)	(35.0, 1.0)											
SRR8438047_1	(17.0, 1.0)	(18.0, 1.0)	(19.0, 7.0)	(20.0, 20.0)	(21.0, 51.0)	(22.0, 82.0)	(23.0, 130.0)	(24.0, 160.0)	(25.0, 241.0)	(26.0, 300.0)	(27.0, 357.0)	(28.0, 549.0)	(29.0, 760.0)	(30.0, 1079.0)	(31.0, 1418.0)	(32.0, 1858.0)	(33.0, 2534.0)	(34.0, 3403.0)	(35.0, 5021.0)	(36.0, 7889.0)	(37.0, 4327.0)	(38.0, 4.0)			
SRR8438047_2	(15.0, 5.0)	(16.0, 46.0)	(17.0, 111.0)	(18.0, 139.0)	(19.0, 130.0)	(20.0, 123.0)	(21.0, 137.0)	(22.0, 192.0)	(23.0, 267.0)	(24.0, 369.0)	(25.0, 525.0)	(26.0, 729.0)	(27.0, 970.0)	(28.0, 1277.0)	(29.0, 1608.0)	(30.0, 2139.0)	(31.0, 2629.0)	(32.0, 3124.0)	(33.0, 3561.0)	(34.0, 4043.0)	(35.0, 4153.0)	(36.0, 3274.0)	(37.0, 641.0)		
SRR8438048	(26.0, 1.0)	(27.0, 0.0)	(28.0, 2.0)	(29.0, 3.0)	(30.0, 3.0)	(31.0, 3.0)	(32.0, 0.0)	(33.0, 1.0)	(34.0, 0.0)	(35.0, 0.0)	(36.0, 2.0)														
SRR8438048_1	(17.0, 1.0)	(18.0, 3.0)	(19.0, 7.0)	(20.0, 21.0)	(21.0, 57.0)	(22.0, 108.0)	(23.0, 263.0)	(24.0, 418.0)	(25.0, 664.0)	(26.0, 926.0)	(27.0, 1459.0)	(28.0, 1952.0)	(29.0, 2633.0)	(30.0, 3388.0)	(31.0, 4722.0)	(32.0, 6337.0)	(33.0, 8412.0)	(34.0, 11455.0)	(35.0, 16234.0)	(36.0, 20524.0)	(37.0, 7952.0)	(38.0, 3.0)			
SRR8438048_2	(15.0, 1.0)	(16.0, 32.0)	(17.0, 173.0)	(18.0, 194.0)	(19.0, 199.0)	(20.0, 221.0)	(21.0, 328.0)	(22.0, 411.0)	(23.0, 618.0)	(24.0, 936.0)	(25.0, 1406.0)	(26.0, 2022.0)	(27.0, 2644.0)	(28.0, 3507.0)	(29.0, 4538.0)	(30.0, 5943.0)	(31.0, 7286.0)	(32.0, 8917.0)	(33.0, 10877.0)	(34.0, 12124.0)	(35.0, 12383.0)	(36.0, 10017.0)	(37.0, 2762.0)		
SRR8438049	(27.0, 2.0)	(28.0, 0.0)	(29.0, 3.0)	(30.0, 3.0)	(31.0, 1.0)	(32.0, 2.0)	(33.0, 1.0)	(34.0, 2.0)	(35.0, 3.0)	(36.0, 3.0)															
SRR8438049_1	(16.0, 1.0)	(17.0, 1.0)	(18.0, 10.0)	(19.0, 32.0)	(20.0, 73.0)	(21.0, 145.0)	(22.0, 285.0)	(23.0, 462.0)	(24.0, 708.0)	(25.0, 987.0)	(26.0, 1460.0)	(27.0, 2047.0)	(28.0, 2779.0)	(29.0, 4033.0)	(30.0, 5280.0)	(31.0, 7052.0)	(32.0, 8879.0)	(33.0, 11083.0)	(34.0, 14582.0)	(35.0, 19751.0)	(36.0, 29316.0)	(37.0, 16295.0)	(38.0, 7.0)		
SRR8438049_2	(15.0, 5.0)	(16.0, 69.0)	(17.0, 230.0)	(18.0, 323.0)	(19.0, 376.0)	(20.0, 478.0)	(21.0, 473.0)	(22.0, 710.0)	(23.0, 972.0)	(24.0, 1460.0)	(25.0, 2189.0)	(26.0, 3125.0)	(27.0, 4069.0)	(28.0, 5687.0)	(29.0, 7260.0)	(30.0, 9179.0)	(31.0, 11049.0)	(32.0, 13187.0)	(33.0, 14983.0)	(34.0, 16960.0)	(35.0, 16671.0)	(36.0, 12928.0)	(37.0, 2885.0)		
SRR8438050	(27.0, 1.0)	(28.0, 0.0)	(29.0, 1.0)	(30.0, 3.0)	(31.0, 2.0)	(32.0, 2.0)	(33.0, 3.0)	(34.0, 3.0)	(35.0, 1.0)	(36.0, 0.0)	(37.0, 1.0)														
SRR8438050_1	(20.0, 2.0)	(21.0, 13.0)	(22.0, 29.0)	(23.0, 35.0)	(24.0, 31.0)	(25.0, 24.0)	(26.0, 46.0)	(27.0, 67.0)	(28.0, 96.0)	(29.0, 147.0)	(30.0, 200.0)	(31.0, 329.0)	(32.0, 495.0)	(33.0, 665.0)	(34.0, 1082.0)	(35.0, 1559.0)	(36.0, 2821.0)	(37.0, 10571.0)	(38.0, 10678.0)						
SRR8438050_2	(14.0, 1.0)	(15.0, 0.0)	(16.0, 3.0)	(17.0, 13.0)	(18.0, 60.0)	(19.0, 59.0)	(20.0, 68.0)	(21.0, 76.0)	(22.0, 74.0)	(23.0, 91.0)	(24.0, 131.0)	(25.0, 205.0)	(26.0, 249.0)	(27.0, 445.0)	(28.0, 592.0)	(29.0, 784.0)	(30.0, 1047.0)	(31.0, 1397.0)	(32.0, 2018.0)	(33.0, 2557.0)	(34.0, 3771.0)	(35.0, 5132.0)	(36.0, 6457.0)	(37.0, 3652.0)	(38.0, 8.0)
SRR8438051	(23.0, 1.0)	(24.0, 0.0)	(25.0, 0.0)	(26.0, 0.0)	(27.0, 0.0)	(28.0, 4.0)	(29.0, 2.0)	(30.0, 0.0)	(31.0, 1.0)	(32.0, 1.0)	(33.0, 3.0)	(34.0, 1.0)	(35.0, 1.0)	(36.0, 1.0)	(37.0, 2.0)										
SRR8438051_1	(17.0, 2.0)	(18.0, 2.0)	(19.0, 9.0)	(20.0, 19.0)	(21.0, 49.0)	(22.0, 111.0)	(23.0, 169.0)	(24.0, 263.0)	(25.0, 425.0)	(26.0, 601.0)	(27.0, 1042.0)	(28.0, 1461.0)	(29.0, 2037.0)	(30.0, 2973.0)	(31.0, 4048.0)	(32.0, 5426.0)	(33.0, 7612.0)	(34.0, 10566.0)	(35.0, 15827.0)	(36.0, 27887.0)	(37.0, 14063.0)	(38.0, 3.0)			
SRR8438051_2	(15.0, 2.0)	(16.0, 22.0)	(17.0, 175.0)	(18.0, 317.0)	(19.0, 288.0)	(20.0, 303.0)	(21.0, 519.0)	(22.0, 748.0)	(23.0, 1030.0)	(24.0, 1467.0)	(25.0, 2195.0)	(26.0, 2918.0)	(27.0, 3870.0)	(28.0, 5048.0)	(29.0, 6230.0)	(30.0, 7884.0)	(31.0, 9225.0)	(32.0, 10570.0)	(33.0, 11649.0)	(34.0, 12307.0)	(35.0, 11410.0)	(36.0, 6086.0)	(37.0, 332.0)		
SRR8438052	(24.0, 2.0)	(25.0, 2.0)	(26.0, 2.0)	(27.0, 0.0)	(28.0, 3.0)	(29.0, 8.0)	(30.0, 13.0)	(31.0, 16.0)	(32.0, 16.0)	(33.0, 9.0)	(34.0, 6.0)	(35.0, 9.0)	(36.0, 5.0)	(37.0, 3.0)											
SRR8438052_1	(16.0, 1.0)	(17.0, 3.0)	(18.0, 13.0)	(19.0, 31.0)	(20.0, 84.0)	(21.0, 181.0)	(22.0, 400.0)	(23.0, 676.0)	(24.0, 957.0)	(25.0, 1392.0)	(26.0, 1832.0)	(27.0, 2737.0)	(28.0, 3609.0)	(29.0, 5094.0)	(30.0, 6898.0)	(31.0, 8602.0)	(32.0, 10369.0)	(33.0, 12652.0)	(34.0, 15983.0)	(35.0, 20994.0)	(36.0, 31689.0)	(37.0, 17822.0)	(38.0, 46.0)		
SRR8438052_2	(14.0, 1.0)	(15.0, 31.0)	(16.0, 178.0)	(17.0, 556.0)	(18.0, 623.0)	(19.0, 648.0)	(20.0, 797.0)	(21.0, 892.0)	(22.0, 1241.0)	(23.0, 1623.0)	(24.0, 2341.0)	(25.0, 3168.0)	(26.0, 4260.0)	(27.0, 5588.0)	(28.0, 7248.0)	(29.0, 9326.0)	(30.0, 11041.0)	(31.0, 12971.0)	(32.0, 14702.0)	(33.0, 16357.0)	(34.0, 17192.0)	(35.0, 16715.0)	(36.0, 12383.0)	(37.0, 2183.0)	
SRR8438053	(29.0, 1.0)	(30.0, 0.0)	(31.0, 0.0)	(32.0, 1.0)	(33.0, 1.0)	(34.0, 1.0)	(35.0, 0.0)	(36.0, 4.0)	(37.0, 4.0)																
SRR8438053_1	(19.0, 1.0)	(20.0, 13.0)	(21.0, 69.0)	(22.0, 255.0)	(23.0, 239.0)	(24.0, 105.0)	(25.0, 102.0)	(26.0, 117.0)	(27.0, 194.0)	(28.0, 231.0)	(29.0, 349.0)	(30.0, 456.0)	(31.0, 611.0)	(32.0, 758.0)	(33.0, 1058.0)	(34.0, 1467.0)	(35.0, 2128.0)	(36.0, 3874.0)	(37.0, 13168.0)	(38.0, 3189.0)					
SRR8438053_2	(15.0, 1.0)	(16.0, 17.0)	(17.0, 63.0)	(18.0, 144.0)	(19.0, 210.0)	(20.0, 189.0)	(21.0, 227.0)	(22.0, 146.0)	(23.0, 136.0)	(24.0, 188.0)	(25.0, 302.0)	(26.0, 426.0)	(27.0, 588.0)	(28.0, 832.0)	(29.0, 1074.0)	(30.0, 1354.0)	(31.0, 1852.0)	(32.0, 2423.0)	(33.0, 3226.0)	(34.0, 4102.0)	(35.0, 4650.0)	(36.0, 4580.0)	(37.0, 1644.0)	(38.0, 10.0)	
SRR8438054	(32.0, 1.0)																								
SRR8438054_1	(17.0, 1.0)	(18.0, 2.0)	(19.0, 9.0)	(20.0, 47.0)	(21.0, 124.0)	(22.0, 271.0)	(23.0, 537.0)	(24.0, 380.0)	(25.0, 64.0)	(26.0, 46.0)	(27.0, 40.0)	(28.0, 42.0)	(29.0, 48.0)	(30.0, 76.0)	(31.0, 87.0)	(32.0, 104.0)	(33.0, 113.0)	(34.0, 171.0)	(35.0, 215.0)	(36.0, 346.0)	(37.0, 254.0)				
SRR8438054_2	(15.0, 12.0)	(16.0, 73.0)	(17.0, 165.0)	(18.0, 237.0)	(19.0, 302.0)	(20.0, 288.0)	(21.0, 279.0)	(22.0, 125.0)	(23.0, 51.0)	(24.0, 59.0)	(25.0, 65.0)	(26.0, 75.0)	(27.0, 92.0)	(28.0, 119.0)	(29.0, 134.0)	(30.0, 160.0)	(31.0, 186.0)	(32.0, 191.0)	(33.0, 164.0)	(34.0, 129.0)	(35.0, 63.0)	(36.0, 8.0)			
SRR8438055	(28.0, 1.0)	(29.0, 2.0)	(30.0, 1.0)	(31.0, 0.0)	(32.0, 6.0)	(33.0, 6.0)	(34.0, 4.0)	(35.0, 3.0)	(36.0, 2.0)																
SRR8438055_1	(17.0, 1.0)	(18.0, 5.0)	(19.0, 17.0)	(20.0, 69.0)	(21.0, 136.0)	(22.0, 222.0)	(23.0, 349.0)	(24.0, 535.0)	(25.0, 761.0)	(26.0, 1143.0)	(27.0, 1588.0)	(28.0, 2237.0)	(29.0, 3162.0)	(30.0, 4308.0)	(31.0, 6076.0)	(32.0, 8045.0)	(33.0, 10234.0)	(34.0, 13893.0)	(35.0, 19407.0)	(36.0, 30692.0)	(37.0, 20618.0)	(38.0, 7.0)			
SRR8438055_2	(14.0, 1.0)	(15.0, 7.0)	(16.0, 140.0)	(17.0, 378.0)	(18.0, 437.0)	(19.0, 426.0)	(20.0, 543.0)	(21.0, 614.0)	(22.0, 802.0)	(23.0, 1201.0)	(24.0, 1838.0)	(25.0, 2586.0)	(26.0, 3559.0)	(27.0, 4649.0)	(28.0, 6053.0)	(29.0, 7723.0)	(30.0, 9447.0)	(31.0, 11593.0)	(32.0, 13125.0)	(33.0, 14523.0)	(34.0, 15719.0)	(35.0, 15458.0)	(36.0, 10990.0)	(37.0, 1693.0)	
SRR8438056	(16.0, 1.0)	(17.0, 0.0)	(18.0, 0.0)	(19.0, 0.0)	(20.0, 0.0)	(21.0, 0.0)	(22.0, 0.0)	(23.0, 0.0)	(24.0, 0.0)	(25.0, 0.0)	(26.0, 0.0)	(27.0, 0.0)	(28.0, 0.0)	(29.0, 2.0)	(30.0, 0.0)	(31.0, 0.0)	(32.0, 0.0)	(33.0, 0.0)	(34.0, 1.0)	(35.0, 0.0)	(36.0, 1.0)				
SRR8438056_1	(17.0, 2.0)	(18.0, 10.0)	(19.0, 50.0)	(20.0, 141.0)	(21.0, 356.0)	(22.0, 575.0)	(23.0, 580.0)	(24.0, 421.0)	(25.0, 382.0)	(26.0, 405.0)	(27.0, 460.0)	(28.0, 670.0)	(29.0, 1021.0)	(30.0, 1297.0)	(31.0, 1977.0)	(32.0, 2536.0)	(33.0, 3471.0)	(34.0, 4870.0)	(35.0, 7102.0)	(36.0, 11843.0)	(37.0, 8587.0)	(38.0, 48.0)			
SRR8438056_2	(14.0, 3.0)	(15.0, 27.0)	(16.0, 171.0)	(17.0, 463.0)	(18.0, 568.0)	(19.0, 526.0)	(20.0, 430.0)	(21.0, 392.0)	(22.0, 338.0)	(23.0, 405.0)	(24.0, 490.0)	(25.0, 706.0)	(26.0, 986.0)	(27.0, 1334.0)	(28.0, 1721.0)	(29.0, 2238.0)	(30.0, 2961.0)	(31.0, 3896.0)	(32.0, 4724.0)	(33.0, 5583.0)	(34.0, 6381.0)	(35.0, 6678.0)	(36.0, 4988.0)	(37.0, 795.0)	
SRR8438057	(27.0, 1.0)	(28.0, 1.0)	(29.0, 3.0)	(30.0, 2.0)	(31.0, 0.0)	(32.0, 2.0)	(33.0, 1.0)	(34.0, 1.0)	(35.0, 5.0)	(36.0, 1.0)															
SRR8438057_1	(18.0, 5.0)	(19.0, 11.0)	(20.0, 25.0)	(21.0, 59.0)	(22.0, 122.0)	(23.0, 220.0)	(24.0, 315.0)	(25.0, 498.0)	(26.0, 734.0)	(27.0, 1041.0)	(28.0, 1540.0)	(29.0, 2079.0)	(30.0, 3000.0)	(31.0, 3943.0)	(32.0, 5343.0)	(33.0, 7212.0)	(34.0, 9986.0)	(35.0, 14353.0)	(36.0, 22738.0)	(37.0, 12353.0)	(38.0, 13.0)				
SRR8438057_2	(15.0, 2.0)	(16.0, 20.0)	(17.0, 106.0)	(18.0, 186.0)	(19.0, 219.0)	(20.0, 252.0)	(21.0, 287.0)	(22.0, 413.0)	(23.0, 566.0)	(24.0, 758.0)	(25.0, 1245.0)	(26.0, 1763.0)	(27.0, 2370.0)	(28.0, 3246.0)	(29.0, 4078.0)	(30.0, 5546.0)	(31.0, 6977.0)	(32.0, 8537.0)	(33.0, 10515.0)	(34.0, 12241.0)	(35.0, 13428.0)	(36.0, 10935.0)	(37.0, 1900.0)		
SRR8438058	(24.0, 1.0)	(25.0, 0.0)	(26.0, 1.0)	(27.0, 1.0)	(28.0, 3.0)	(29.0, 0.0)	(30.0, 2.0)	(31.0, 2.0)	(32.0, 1.0)	(33.0, 4.0)	(34.0, 2.0)														
SRR8438058_1	(18.0, 2.0)	(19.0, 2.0)	(20.0, 20.0)	(21.0, 80.0)	(22.0, 186.0)	(23.0, 318.0)	(24.0, 527.0)	(25.0, 836.0)	(26.0, 1090.0)	(27.0, 1409.0)	(28.0, 1972.0)	(29.0, 2496.0)	(30.0, 3227.0)	(31.0, 4119.0)	(32.0, 4916.0)	(33.0, 6017.0)	(34.0, 7575.0)	(35.0, 10140.0)	(36.0, 16076.0)	(37.0, 18936.0)	(38.0, 216.0)				
SRR8438058_2	(14.0, 2.0)	(15.0, 21.0)	(16.0, 121.0)	(17.0, 431.0)	(18.0, 667.0)	(19.0, 662.0)	(20.0, 642.0)	(21.0, 711.0)	(22.0, 872.0)	(23.0, 1215.0)	(24.0, 1691.0)	(25.0, 2091.0)	(26.0, 2783.0)	(27.0, 3502.0)	(28.0, 4449.0)	(29.0, 5541.0)	(30.0, 6478.0)	(31.0, 7829.0)	(32.0, 8979.0)	(33.0, 10025.0)	(34.0, 10018.0)	(35.0, 7921.0)	(36.0, 3339.0)	(37.0, 170.0)	
SRR8438059	(27.0, 2.0)	(28.0, 3.0)	(29.0, 0.0)	(30.0, 1.0)	(31.0, 0.0)	(32.0, 3.0)	(33.0, 2.0)	(34.0, 1.0)	(35.0, 2.0)	(36.0, 1.0)															
SRR8438059_1	(16.0, 1.0)	(17.0, 1.0)	(18.0, 4.0)	(19.0, 16.0)	(20.0, 51.0)	(21.0, 99.0)	(22.0, 148.0)	(23.0, 198.0)	(24.0, 281.0)	(25.0, 370.0)	(26.0, 550.0)	(27.0, 750.0)	(28.0, 1017.0)	(29.0, 1474.0)	(30.0, 1950.0)	(31.0, 2493.0)	(32.0, 3325.0)	(33.0, 4017.0)	(34.0, 5461.0)	(35.0, 7463.0)	(36.0, 11634.0)	(37.0, 6705.0)	(38.0, 26.0)		
SRR8438059_2	(15.0, 1.0)	(16.0, 30.0)	(17.0, 115.0)	(18.0, 293.0)	(19.0, 277.0)	(20.0, 305.0)	(21.0, 297.0)	(22.0, 327.0)	(23.0, 456.0)	(24.0, 582.0)	(25.0, 839.0)	(26.0, 1215.0)	(27.0, 1561.0)	(28.0, 2017.0)	(29.0, 2725.0)	(30.0, 3455.0)	(31.0, 4210.0)	(32.0, 4916.0)	(33.0, 5832.0)	(34.0, 6376.0)	(35.0, 6696.0)	(36.0, 4804.0)	(37.0, 705.0)		
SRR8438060	(18.0, 1.0)	(19.0, 0.0)	(20.0, 1.0)	(21.0, 0.0)	(22.0, 0.0)	(23.0, 0.0)	(24.0, 0.0)	(25.0, 0.0)	(26.0, 1.0)	(27.0, 0.0)	(28.0, 0.0)	(29.0, 1.0)	(30.0, 0.0)	(31.0, 0.0)	(32.0, 0.0)	(33.0, 0.0)	(34.0, 1.0)	(35.0, 1.0)							
SRR8438060_1	(15.0, 1.0)	(16.0, 1.0)	(17.0, 4.0)	(18.0, 18.0)	(19.0, 35.0)	(20.0, 166.0)	(21.0, 637.0)	(22.0, 1794.0)	(23.0, 3449.0)	(24.0, 2709.0)	(25.0, 443.0)	(26.0, 221.0)	(27.0, 419.0)	(28.0, 461.0)	(29.0, 237.0)	(30.0, 343.0)	(31.0, 436.0)	(32.0, 605.0)	(33.0, 708.0)	(34.0, 999.0)	(35.0, 1492.0)	(36.0, 2193.0)	(37.0, 1146.0)	(38.0, 2.0)	
SRR8438060_2	(14.0, 22.0)	(15.0, 243.0)	(16.0, 761.0)	(17.0, 1562.0)	(18.0, 2080.0)	(19.0, 2063.0)	(20.0, 1792.0)	(21.0, 1232.0)	(22.0, 520.0)	(23.0, 346.0)	(24.0, 373.0)	(25.0, 378.0)	(26.0, 465.0)	(27.0, 539.0)	(28.0, 697.0)	(29.0, 740.0)	(30.0, 862.0)	(31.0, 989.0)	(32.0, 958.0)	(33.0, 901.0)	(34.0, 634.0)	(35.0, 318.0)	(36.0, 44.0)		
SRR8438061	(23.0, 1.0)	(24.0, 1.0)	(25.0, 0.0)	(26.0, 0.0)	(27.0, 0.0)	(28.0, 1.0)	(29.0, 3.0)	(30.0, 2.0)	(31.0, 3.0)	(32.0, 3.0)	(33.0, 7.0)	(34.0, 4.0)	(35.0, 3.0)	(36.0, 3.0)	(37.0, 1.0)										
SRR8438061_1	(18.0, 3.0)	(19.0, 21.0)	(20.0, 48.0)	(21.0, 82.0)	(22.0, 190.0)	(23.0, 264.0)	(24.0, 414.0)	(25.0, 587.0)	(26.0, 831.0)	(27.0, 1099.0)	(28.0, 1497.0)	(29.0, 2150.0)	(30.0, 3002.0)	(31.0, 3862.0)	(32.0, 4914.0)	(33.0, 6206.0)	(34.0, 7841.0)	(35.0, 10832.0)	(36.0, 16605.0)	(37.0, 9894.0)	(38.0, 24.0)				
SRR8438061_2	(15.0, 3.0)	(16.0, 39.0)	(17.0, 185.0)	(18.0, 309.0)	(19.0, 321.0)	(20.0, 307.0)	(21.0, 347.0)	(22.0, 474.0)	(23.0, 637.0)	(24.0, 898.0)	(25.0, 1203.0)	(26.0, 1712.0)	(27.0, 2187.0)	(28.0, 2952.0)	(29.0, 3898.0)	(30.0, 4998.0)	(31.0, 6091.0)	(32.0, 7196.0)	(33.0, 8449.0)	(34.0, 9361.0)	(35.0, 9739.0)	(36.0, 7694.0)	(37.0, 1366.0)		
SRR8438062	(14.0, 1.0)	(15.0, 0.0)	(16.0, 0.0)	(17.0, 0.0)	(18.0, 0.0)	(19.0, 0.0)	(20.0, 0.0)	(21.0, 0.0)	(22.0, 0.0)	(23.0, 0.0)	(24.0, 0.0)	(25.0, 0.0)	(26.0, 0.0)	(27.0, 0.0)	(28.0, 0.0)	(29.0, 0.0)	(30.0, 1.0)	(31.0, 0.0)	(32.0, 1.0)	(33.0, 0.0)	(34.0, 0.0)	(35.0, 0.0)	(36.0, 1.0)		
SRR8438062_1	(15.0, 1.0)	(16.0, 3.0)	(17.0, 8.0)	(18.0, 15.0)	(19.0, 50.0)	(20.0, 224.0)	(21.0, 819.0)	(22.0, 1804.0)	(23.0, 2883.0)	(24.0, 2547.0)	(25.0, 702.0)	(26.0, 440.0)	(27.0, 484.0)	(28.0, 696.0)	(29.0, 890.0)	(30.0, 1061.0)	(31.0, 1523.0)	(32.0, 1938.0)	(33.0, 2655.0)	(34.0, 3730.0)	(35.0, 5170.0)	(36.0, 5070.0)	(37.0, 3630.0)	(38.0, 11.0)	
SRR8438062_2	(13.0, 1.0)	(14.0, 17.0)	(15.0, 157.0)	(16.0, 719.0)	(17.0, 1471.0)	(18.0, 1923.0)	(19.0, 1990.0)	(20.0, 1820.0)	(21.0, 1763.0)	(22.0, 1117.0)	(23.0, 945.0)	(24.0, 1118.0)	(25.0, 1467.0)	(26.0, 1813.0)	(27.0, 2301.0)	(28.0, 2652.0)	(29.0, 2971.0)	(30.0, 3167.0)	(31.0, 3043.0)	(32.0, 2396.0)	(33.0, 1728.0)	(34.0, 1248.0)	(35.0, 483.0)	(36.0, 44.0)	
SRR8438063	(26.0, 1.0)	(27.0, 1.0)	(28.0, 1.0)	(29.0, 0.0)	(30.0, 3.0)	(31.0, 0.0)	(32.0, 5.0)	(33.0, 0.0)	(34.0, 2.0)	(35.0, 0.0)	(36.0, 1.0)														
SRR8438063_1	(18.0, 2.0)	(19.0, 4.0)	(20.0, 24.0)	(21.0, 55.0)	(22.0, 122.0)	(23.0, 202.0)	(24.0, 400.0)	(25.0, 590.0)	(26.0, 842.0)	(27.0, 1224.0)	(28.0, 1607.0)	(29.0, 2076.0)	(30.0, 2742.0)	(31.0, 3496.0)	(32.0, 4490.0)	(33.0, 5431.0)	(34.0, 7070.0)	(35.0, 9966.0)	(36.0, 16566.0)	(37.0, 20238.0)	(38.0, 220.0)				
SRR8438063_2	(15.0, 10.0)	(16.0, 118.0)	(17.0, 324.0)	(18.0, 388.0)	(19.0, 315.0)	(20.0, 332.0)	(21.0, 445.0)	(22.0, 611.0)	(23.0, 794.0)	(24.0, 1119.0)	(25.0, 1502.0)	(26.0, 2077.0)	(27.0, 2697.0)	(28.0, 3474.0)	(29.0, 4486.0)	(30.0, 5747.0)	(31.0, 7131.0)	(32.0, 8880.0)	(33.0, 10672.0)	(34.0, 11965.0)	(35.0, 9809.0)	(36.0, 4227.0)	(37.0, 244.0)		
SRR8438064	(16.0, 1.0)	(17.0, 0.0)	(18.0, 0.0)	(19.0, 0.0)	(20.0, 0.0)	(21.0, 0.0)	(22.0, 0.0)	(23.0, 0.0)	(24.0, 0.0)	(25.0, 0.0)	(26.0, 0.0)	(27.0, 0.0)	(28.0, 0.0)	(29.0, 0.0)	(30.0, 1.0)	(31.0, 1.0)	(32.0, 0.0)	(33.0, 1.0)							
SRR8438064_1	(15.0, 1.0)	(16.0, 4.0)	(17.0, 8.0)	(18.0, 15.0)	(19.0, 67.0)	(20.0, 312.0)	(21.0, 955.0)	(22.0, 1927.0)	(23.0, 2907.0)	(24.0, 2623.0)	(25.0, 732.0)	(26.0, 486.0)	(27.0, 680.0)	(28.0, 866.0)	(29.0, 1260.0)	(30.0, 1790.0)	(31.0, 2338.0)	(32.0, 3197.0)	(33.0, 4269.0)	(34.0, 5887.0)	(35.0, 8761.0)	(36.0, 12054.0)	(37.0, 5765.0)		
SRR8438064_2	(14.0, 7.0)	(15.0, 114.0)	(16.0, 697.0)	(17.0, 1578.0)	(18.0, 2235.0)	(19.0, 2172.0)	(20.0, 1855.0)	(21.0, 1726.0)	(22.0, 1248.0)	(23.0, 1192.0)	(24.0, 1613.0)	(25.0, 2104.0)	(26.0, 2690.0)	(27.0, 3292.0)	(28.0, 3854.0)	(29.0, 4497.0)	(30.0, 5065.0)	(31.0, 5275.0)	(32.0, 5150.0)	(33.0, 4803.0)	(34.0, 3825.0)	(35.0, 1731.0)	(36.0, 181.0)		
SRR8438065	(28.0, 1.0)	(29.0, 1.0)	(30.0, 3.0)	(31.0, 5.0)	(32.0, 0.0)	(33.0, 2.0)	(34.0, 0.0)	(35.0, 0.0)	(36.0, 1.0)																
SRR8438065_1	(18.0, 4.0)	(19.0, 12.0)	(20.0, 46.0)	(21.0, 106.0)	(22.0, 248.0)	(23.0, 367.0)	(24.0, 455.0)	(25.0, 783.0)	(26.0, 1072.0)	(27.0, 1587.0)	(28.0, 2292.0)	(29.0, 3116.0)	(30.0, 4308.0)	(31.0, 5608.0)	(32.0, 7265.0)	(33.0, 9700.0)	(34.0, 12943.0)	(35.0, 18733.0)	(36.0, 27659.0)	(37.0, 12068.0)	(38.0, 32.0)				
SRR8438065_2	(14.0, 6.0)	(15.0, 61.0)	(16.0, 374.0)	(17.0, 734.0)	(18.0, 711.0)	(19.0, 649.0)	(20.0, 767.0)	(21.0, 964.0)	(22.0, 1331.0)	(23.0, 1854.0)	(24.0, 2492.0)	(25.0, 3290.0)	(26.0, 4393.0)	(27.0, 5520.0)	(28.0, 6897.0)	(29.0, 8553.0)	(30.0, 10229.0)	(31.0, 11948.0)	(32.0, 13470.0)	(33.0, 14150.0)	(34.0, 12246.0)	(35.0, 6803.0)	(36.0, 958.0)	(37.0, 4.0)	
SRR8438066	(23.0, 1.0)	(24.0, 0.0)	(25.0, 0.0)	(26.0, 0.0)	(27.0, 2.0)	(28.0, 0.0)	(29.0, 1.0)	(30.0, 5.0)	(31.0, 2.0)	(32.0, 3.0)	(33.0, 2.0)	(34.0, 3.0)	(35.0, 2.0)	(36.0, 1.0)											
SRR8438066_1	(17.0, 1.0)	(18.0, 8.0)	(19.0, 20.0)	(20.0, 36.0)	(21.0, 89.0)	(22.0, 138.0)	(23.0, 280.0)	(24.0, 433.0)	(25.0, 679.0)	(26.0, 996.0)	(27.0, 1435.0)	(28.0, 2085.0)	(29.0, 3038.0)	(30.0, 4208.0)	(31.0, 5958.0)	(32.0, 7911.0)	(33.0, 10207.0)	(34.0, 12860.0)	(35.0, 17935.0)	(36.0, 31696.0)	(37.0, 32775.0)				
SRR8438066_2	(14.0, 6.0)	(15.0, 140.0)	(16.0, 658.0)	(17.0, 772.0)	(18.0, 730.0)	(19.0, 902.0)	(20.0, 1379.0)	(21.0, 1922.0)	(22.0, 2756.0)	(23.0, 3915.0)	(24.0, 5125.0)	(25.0, 6719.0)	(26.0, 8355.0)	(27.0, 10164.0)	(28.0, 12151.0)	(29.0, 13423.0)	(30.0, 14711.0)	(31.0, 14863.0)	(32.0, 13836.0)	(33.0, 11495.0)	(34.0, 6865.0)	(35.0, 1828.0)	(36.0, 73.0)		
SRR8438067	(26.0, 1.0)	(27.0, 1.0)	(28.0, 1.0)	(29.0, 0.0)	(30.0, 0.0)	(31.0, 1.0)	(32.0, 0.0)	(33.0, 1.0)																	
SRR8438067_1	(18.0, 1.0)	(19.0, 11.0)	(20.0, 35.0)	(21.0, 129.0)	(22.0, 202.0)	(23.0, 302.0)	(24.0, 302.0)	(25.0, 259.0)	(26.0, 321.0)	(27.0, 509.0)	(28.0, 683.0)	(29.0, 898.0)	(30.0, 1228.0)	(31.0, 1630.0)	(32.0, 2172.0)	(33.0, 2842.0)	(34.0, 3865.0)	(35.0, 5591.0)	(36.0, 7329.0)	(37.0, 3705.0)	(38.0, 9.0)				
SRR8438067_2	(14.0, 1.0)	(15.0, 21.0)	(16.0, 181.0)	(17.0, 391.0)	(18.0, 448.0)	(19.0, 353.0)	(20.0, 401.0)	(21.0, 485.0)	(22.0, 600.0)	(23.0, 715.0)	(24.0, 901.0)	(25.0, 1244.0)	(26.0, 1520.0)	(27.0, 1774.0)	(28.0, 2130.0)	(29.0, 2556.0)	(30.0, 2948.0)	(31.0, 3376.0)	(32.0, 3567.0)	(33.0, 3625.0)	(34.0, 2950.0)	(35.0, 1601.0)	(36.0, 234.0)	(37.0, 1.0)	
SRR8438068_1	(16.0, 1.0)	(17.0, 0.0)	(18.0, 5.0)	(19.0, 13.0)	(20.0, 37.0)	(21.0, 114.0)	(22.0, 283.0)	(23.0, 618.0)	(24.0, 434.0)	(25.0, 100.0)	(26.0, 103.0)	(27.0, 144.0)	(28.0, 194.0)	(29.0, 273.0)	(30.0, 330.0)	(31.0, 405.0)	(32.0, 512.0)	(33.0, 677.0)	(34.0, 854.0)	(35.0, 1289.0)	(36.0, 2080.0)	(37.0, 1284.0)	(38.0, 2.0)		
SRR8438068_2	(15.0, 9.0)	(16.0, 62.0)	(17.0, 100.0)	(18.0, 169.0)	(19.0, 213.0)	(20.0, 308.0)	(21.0, 509.0)	(22.0, 421.0)	(23.0, 159.0)	(24.0, 173.0)	(25.0, 281.0)	(26.0, 348.0)	(27.0, 438.0)	(28.0, 557.0)	(29.0, 748.0)	(30.0, 877.0)	(31.0, 1075.0)	(32.0, 1126.0)	(33.0, 1087.0)	(34.0, 768.0)	(35.0, 297.0)	(36.0, 27.0)			
SRR8438069	(25.0, 1.0)	(26.0, 0.0)	(27.0, 0.0)	(28.0, 1.0)	(29.0, 3.0)	(30.0, 0.0)	(31.0, 2.0)	(32.0, 0.0)	(33.0, 0.0)	(34.0, 5.0)	(35.0, 1.0)	(36.0, 0.0)	(37.0, 4.0)												
SRR8438069_1	(19.0, 1.0)	(20.0, 0.0)	(21.0, 4.0)	(22.0, 8.0)	(23.0, 28.0)	(24.0, 30.0)	(25.0, 39.0)	(26.0, 73.0)	(27.0, 104.0)	(28.0, 153.0)	(29.0, 252.0)	(30.0, 332.0)	(31.0, 537.0)	(32.0, 780.0)	(33.0, 1011.0)	(34.0, 1345.0)	(35.0, 1931.0)	(36.0, 3501.0)	(37.0, 15968.0)	(38.0, 327.0)					
SRR8438069_2	(16.0, 3.0)	(17.0, 30.0)	(18.0, 56.0)	(19.0, 64.0)	(20.0, 54.0)	(21.0, 59.0)	(22.0, 71.0)	(23.0, 115.0)	(24.0, 135.0)	(25.0, 163.0)	(26.0, 267.0)	(27.0, 359.0)	(28.0, 504.0)	(29.0, 702.0)	(30.0, 917.0)	(31.0, 1184.0)	(32.0, 1618.0)	(33.0, 2217.0)	(34.0, 2902.0)	(35.0, 4223.0)	(36.0, 5664.0)	(37.0, 5078.0)	(38.0, 39.0)		
SRR8438070	(26.0, 1.0)	(27.0, 1.0)	(28.0, 1.0)	(29.0, 1.0)	(30.0, 0.0)	(31.0, 1.0)	(32.0, 5.0)	(33.0, 2.0)	(34.0, 1.0)	(35.0, 2.0)															
SRR8438070_1	(16.0, 1.0)	(17.0, 2.0)	(18.0, 12.0)	(19.0, 23.0)	(20.0, 49.0)	(21.0, 114.0)	(22.0, 217.0)	(23.0, 333.0)	(24.0, 488.0)	(25.0, 742.0)	(26.0, 1051.0)	(27.0, 1569.0)	(28.0, 2146.0)	(29.0, 2843.0)	(30.0, 3886.0)	(31.0, 4911.0)	(32.0, 6266.0)	(33.0, 7770.0)	(34.0, 10419.0)	(35.0, 14164.0)	(36.0, 19988.0)	(37.0, 7562.0)	(38.0, 5.0)		
SRR8438070_2	(14.0, 3.0)	(15.0, 98.0)	(16.0, 523.0)	(17.0, 737.0)	(18.0, 677.0)	(19.0, 683.0)	(20.0, 756.0)	(21.0, 902.0)	(22.0, 1142.0)	(23.0, 1482.0)	(24.0, 2035.0)	(25.0, 2729.0)	(26.0, 3554.0)	(27.0, 4493.0)	(28.0, 5473.0)	(29.0, 6722.0)	(30.0, 7971.0)	(31.0, 9024.0)	(32.0, 10190.0)	(33.0, 10504.0)	(34.0, 9183.0)	(35.0, 5008.0)	(36.0, 672.0)		
SRR8438071	(21.0, 1.0)	(22.0, 0.0)	(23.0, 0.0)	(24.0, 0.0)	(25.0, 0.0)	(26.0, 1.0)	(27.0, 1.0)	(28.0, 5.0)	(29.0, 4.0)	(30.0, 1.0)	(31.0, 4.0)	(32.0, 3.0)	(33.0, 3.0)	(34.0, 1.0)	(35.0, 3.0)	(36.0, 6.0)									
SRR8438071_1	(17.0, 1.0)	(18.0, 3.0)	(19.0, 6.0)	(20.0, 23.0)	(21.0, 73.0)	(22.0, 133.0)	(23.0, 240.0)	(24.0, 390.0)	(25.0, 678.0)	(26.0, 981.0)	(27.0, 1360.0)	(28.0, 1911.0)	(29.0, 2608.0)	(30.0, 3449.0)	(31.0, 4562.0)	(32.0, 5705.0)	(33.0, 7140.0)	(34.0, 9027.0)	(35.0, 12233.0)	(36.0, 19804.0)	(37.0, 28100.0)	(38.0, 933.0)			
SRR8438071_2	(14.0, 2.0)	(15.0, 24.0)	(16.0, 249.0)	(17.0, 745.0)	(18.0, 730.0)	(19.0, 678.0)	(20.0, 812.0)	(21.0, 952.0)	(22.0, 1118.0)	(23.0, 1552.0)	(24.0, 2001.0)	(25.0, 2720.0)	(26.0, 3546.0)	(27.0, 4576.0)	(28.0, 5439.0)	(29.0, 6787.0)	(30.0, 8180.0)	(31.0, 10086.0)	(32.0, 11514.0)	(33.0, 12851.0)	(34.0, 12752.0)	(35.0, 9193.0)	(36.0, 2764.0)	(37.0, 89.0)	
SRR8438072	(21.0, 1.0)	(22.0, 0.0)	(23.0, 0.0)	(24.0, 0.0)	(25.0, 0.0)	(26.0, 2.0)	(27.0, 2.0)	(28.0, 0.0)	(29.0, 1.0)	(30.0, 3.0)	(31.0, 5.0)	(32.0, 2.0)	(33.0, 2.0)	(34.0, 1.0)	(35.0, 0.0)	(36.0, 0.0)	(37.0, 1.0)								
SRR8438072_1	(15.0, 1.0)	(16.0, 2.0)	(17.0, 1.0)	(18.0, 2.0)	(19.0, 8.0)	(20.0, 40.0)	(21.0, 107.0)	(22.0, 222.0)	(23.0, 393.0)	(24.0, 657.0)	(25.0, 1025.0)	(26.0, 1582.0)	(27.0, 2064.0)	(28.0, 2828.0)	(29.0, 3821.0)	(30.0, 4969.0)	(31.0, 6520.0)	(32.0, 8041.0)	(33.0, 9910.0)	(34.0, 12881.0)	(35.0, 17316.0)	(36.0, 28210.0)	(37.0, 32612.0)	(38.0, 53.0)	
SRR8438072_2	(15.0, 26.0)	(16.0, 174.0)	(17.0, 581.0)	(18.0, 690.0)	(19.0, 678.0)	(20.0, 776.0)	(21.0, 948.0)	(22.0, 1204.0)	(23.0, 1686.0)	(24.0, 2265.0)	(25.0, 2914.0)	(26.0, 4030.0)	(27.0, 5214.0)	(28.0, 6642.0)	(29.0, 8445.0)	(30.0, 10691.0)	(31.0, 13197.0)	(32.0, 15723.0)	(33.0, 18486.0)	(34.0, 19296.0)	(35.0, 14780.0)	(36.0, 4687.0)	(37.0, 132.0)		
SRR8438073	(25.0, 1.0)	(26.0, 0.0)	(27.0, 1.0)	(28.0, 1.0)	(29.0, 1.0)	(30.0, 2.0)	(31.0, 1.0)	(32.0, 1.0)	(33.0, 3.0)	(34.0, 2.0)	(35.0, 1.0)														
SRR8438073_1	(18.0, 2.0)	(19.0, 5.0)	(20.0, 18.0)	(21.0, 45.0)	(22.0, 84.0)	(23.0, 142.0)	(24.0, 228.0)	(25.0, 357.0)	(26.0, 585.0)	(27.0, 809.0)	(28.0, 1137.0)	(29.0, 1686.0)	(30.0, 2204.0)	(31.0, 2939.0)	(32.0, 4031.0)	(33.0, 5218.0)	(34.0, 6824.0)	(35.0, 9973.0)	(36.0, 16725.0)	(37.0, 29806.0)	(38.0, 103.0)				
SRR8438073_2	(15.0, 5.0)	(16.0, 59.0)	(17.0, 195.0)	(18.0, 236.0)	(19.0, 261.0)	(20.0, 330.0)	(21.0, 495.0)	(22.0, 696.0)	(23.0, 1079.0)	(24.0, 1458.0)	(25.0, 1986.0)	(26.0, 2856.0)	(27.0, 3514.0)	(28.0, 4726.0)	(29.0, 5934.0)	(30.0, 7349.0)	(31.0, 9048.0)	(32.0, 10562.0)	(33.0, 11590.0)	(34.0, 10940.0)	(35.0, 7387.0)	(36.0, 2146.0)	(37.0, 69.0)		
SRR8438074	(29.0, 1.0)	(30.0, 1.0)	(31.0, 0.0)	(32.0, 3.0)	(33.0, 1.0)	(34.0, 1.0)	(35.0, 1.0)																		
SRR8438074_1	(16.0, 1.0)	(17.0, 2.0)	(18.0, 5.0)	(19.0, 18.0)	(20.0, 52.0)	(21.0, 105.0)	(22.0, 205.0)	(23.0, 353.0)	(24.0, 604.0)	(25.0, 894.0)	(26.0, 1453.0)	(27.0, 2101.0)	(28.0, 2864.0)	(29.0, 3913.0)	(30.0, 5157.0)	(31.0, 6616.0)	(32.0, 8599.0)	(33.0, 11201.0)	(34.0, 14752.0)	(35.0, 19657.0)	(36.0, 22092.0)	(37.0, 6293.0)			
SRR8438074_2	(15.0, 8.0)	(16.0, 160.0)	(17.0, 766.0)	(18.0, 1040.0)	(19.0, 861.0)	(20.0, 954.0)	(21.0, 1216.0)	(22.0, 1678.0)	(23.0, 2299.0)	(24.0, 3061.0)	(25.0, 3946.0)	(26.0, 4933.0)	(27.0, 6078.0)	(28.0, 7320.0)	(29.0, 9021.0)	(30.0, 10431.0)	(31.0, 11605.0)	(32.0, 12407.0)	(33.0, 12090.0)	(34.0, 10265.0)	(35.0, 5920.0)	(36.0, 876.0)	(37.0, 2.0)		
SRR8438075	(27.0, 1.0)	(28.0, 0.0)	(29.0, 1.0)	(30.0, 1.0)																					
SRR8438075_1	(16.0, 3.0)	(17.0, 1.0)	(18.0, 27.0)	(19.0, 74.0)	(20.0, 208.0)	(21.0, 550.0)	(22.0, 1175.0)	(23.0, 2085.0)	(24.0, 1466.0)	(25.0, 204.0)	(26.0, 133.0)	(27.0, 117.0)	(28.0, 167.0)	(29.0, 201.0)	(30.0, 284.0)	(31.0, 394.0)	(32.0, 478.0)	(33.0, 559.0)	(34.0, 756.0)	(35.0, 995.0)	(36.0, 1543.0)	(37.0, 1107.0)	(38.0, 4.0)		
SRR8438075_2	(14.0, 8.0)	(15.0, 96.0)	(16.0, 443.0)	(17.0, 793.0)	(18.0, 1070.0)	(19.0, 1184.0)	(20.0, 1158.0)	(21.0, 1007.0)	(22.0, 522.0)	(23.0, 224.0)	(24.0, 237.0)	(25.0, 319.0)	(26.0, 384.0)	(27.0, 429.0)	(28.0, 530.0)	(29.0, 675.0)	(30.0, 677.0)	(31.0, 779.0)	(32.0, 726.0)	(33.0, 651.0)	(34.0, 410.0)	(35.0, 187.0)	(36.0, 22.0)		
SRR8438076	(20.0, 1.0)	(21.0, 0.0)	(22.0, 0.0)	(23.0, 1.0)	(24.0, 0.0)	(25.0, 0.0)	(26.0, 0.0)	(27.0, 0.0)	(28.0, 0.0)	(29.0, 0.0)	(30.0, 0.0)	(31.0, 2.0)	(32.0, 0.0)	(33.0, 1.0)	(34.0, 0.0)	(35.0, 0.0)	(36.0, 1.0)								
SRR8438076_1	(16.0, 1.0)	(17.0, 1.0)	(18.0, 3.0)	(19.0, 10.0)	(20.0, 69.0)	(21.0, 227.0)	(22.0, 638.0)	(23.0, 1557.0)	(24.0, 1854.0)	(25.0, 689.0)	(26.0, 603.0)	(27.0, 932.0)	(28.0, 1303.0)	(29.0, 1677.0)	(30.0, 2268.0)	(31.0, 3058.0)	(32.0, 4047.0)	(33.0, 5417.0)	(34.0, 7574.0)	(35.0, 11232.0)	(36.0, 16709.0)	(37.0, 8103.0)	(38.0, 59.0)		
SRR8438076_2	(14.0, 2.0)	(15.0, 66.0)	(16.0, 379.0)	(17.0, 819.0)	(18.0, 1073.0)	(19.0, 1228.0)	(20.0, 1248.0)	(21.0, 1255.0)	(22.0, 1027.0)	(23.0, 919.0)	(24.0, 1269.0)	(25.0, 1726.0)	(26.0, 2257.0)	(27.0, 2930.0)	(28.0, 3880.0)	(29.0, 4831.0)	(30.0, 6069.0)	(31.0, 7361.0)	(32.0, 8335.0)	(33.0, 8620.0)	(34.0, 7701.0)	(35.0, 4362.0)	(36.0, 672.0)	(37.0, 2.0)	
SRR8438077	(25.0, 2.0)	(26.0, 0.0)	(27.0, 1.0)	(28.0, 3.0)	(29.0, 0.0)	(30.0, 3.0)	(31.0, 6.0)	(32.0, 2.0)	(33.0, 2.0)	(34.0, 2.0)	(35.0, 3.0)	(36.0, 1.0)													
SRR8438077_1	(16.0, 3.0)	(17.0, 9.0)	(18.0, 14.0)	(19.0, 51.0)	(20.0, 199.0)	(21.0, 567.0)	(22.0, 1368.0)	(23.0, 2752.0)	(24.0, 3509.0)	(25.0, 2011.0)	(26.0, 1185.0)	(27.0, 1951.0)	(28.0, 2610.0)	(29.0, 2343.0)	(30.0, 3086.0)	(31.0, 4241.0)	(32.0, 5175.0)	(33.0, 6388.0)	(34.0, 8542.0)	(35.0, 11638.0)	(36.0, 15043.0)	(37.0, 8124.0)	(38.0, 8.0)		
SRR8438077_2	(14.0, 24.0)	(15.0, 283.0)	(16.0, 1202.0)	(17.0, 2403.0)	(18.0, 2885.0)	(19.0, 2985.0)	(20.0, 3055.0)	(21.0, 3000.0)	(22.0, 2519.0)	(23.0, 2532.0)	(24.0, 2871.0)	(25.0, 3184.0)	(26.0, 3647.0)	(27.0, 4367.0)	(28.0, 4948.0)	(29.0, 5852.0)	(30.0, 6314.0)	(31.0, 6790.0)	(32.0, 7019.0)	(33.0, 6752.0)	(34.0, 5281.0)	(35.0, 2586.0)	(36.0, 318.0)		
SRR8438078	(27.0, 1.0)	(28.0, 0.0)	(29.0, 1.0)	(30.0, 2.0)	(31.0, 3.0)	(32.0, 1.0)	(33.0, 3.0)	(34.0, 2.0)	(35.0, 2.0)																
SRR8438078_1	(16.0, 1.0)	(17.0, 4.0)	(18.0, 16.0)	(19.0, 43.0)	(20.0, 145.0)	(21.0, 377.0)	(22.0, 950.0)	(23.0, 2156.0)	(24.0, 2001.0)	(25.0, 1146.0)	(26.0, 1383.0)	(27.0, 1808.0)	(28.0, 2179.0)	(29.0, 2899.0)	(30.0, 3823.0)	(31.0, 4769.0)	(32.0, 6217.0)	(33.0, 7533.0)	(34.0, 9679.0)	(35.0, 12996.0)	(36.0, 17411.0)	(37.0, 8398.0)	(38.0, 14.0)		
SRR8438078_2	(13.0, 1.0)	(14.0, 23.0)	(15.0, 192.0)	(16.0, 725.0)	(17.0, 1238.0)	(18.0, 1467.0)	(19.0, 1668.0)	(20.0, 1650.0)	(21.0, 1759.0)	(22.0, 1575.0)	(23.0, 1753.0)	(24.0, 2375.0)	(25.0, 3069.0)	(26.0, 3935.0)	(27.0, 4911.0)	(28.0, 5865.0)	(29.0, 7008.0)	(30.0, 8052.0)	(31.0, 8981.0)	(32.0, 9522.0)	(33.0, 8864.0)	(34.0, 7193.0)	(35.0, 3595.0)	(36.0, 527.0)	
SRR8438079	(27.0, 1.0)	(28.0, 0.0)	(29.0, 2.0)	(30.0, 1.0)	(31.0, 1.0)	(32.0, 2.0)	(33.0, 2.0)	(34.0, 1.0)																	
SRR8438079_1	(16.0, 2.0)	(17.0, 2.0)	(18.0, 8.0)	(19.0, 6.0)	(20.0, 29.0)	(21.0, 56.0)	(22.0, 128.0)	(23.0, 248.0)	(24.0, 398.0)	(25.0, 694.0)	(26.0, 945.0)	(27.0, 1333.0)	(28.0, 1830.0)	(29.0, 2593.0)	(30.0, 3170.0)	(31.0, 4218.0)	(32.0, 5135.0)	(33.0, 6365.0)	(34.0, 8624.0)	(35.0, 12020.0)	(36.0, 20560.0)	(37.0, 23808.0)	(38.0, 48.0)		
SRR8438079_2	(14.0, 2.0)	(15.0, 8.0)	(16.0, 72.0)	(17.0, 333.0)	(18.0, 576.0)	(19.0, 516.0)	(20.0, 466.0)	(21.0, 575.0)	(22.0, 748.0)	(23.0, 1058.0)	(24.0, 1450.0)	(25.0, 1932.0)	(26.0, 2679.0)	(27.0, 3535.0)	(28.0, 4535.0)	(29.0, 5669.0)	(30.0, 7159.0)	(31.0, 9062.0)	(32.0, 10984.0)	(33.0, 12757.0)	(34.0, 13228.0)	(35.0, 10631.0)	(36.0, 4061.0)	(37.0, 184.0)	
SRR8438080	(27.0, 2.0)	(28.0, 0.0)	(29.0, 3.0)	(30.0, 1.0)	(31.0, 1.0)	(32.0, 0.0)	(33.0, 3.0)	(34.0, 1.0)	(35.0, 4.0)																
SRR8438080_1	(16.0, 1.0)	(17.0, 2.0)	(18.0, 3.0)	(19.0, 6.0)	(20.0, 30.0)	(21.0, 83.0)	(22.0, 155.0)	(23.0, 282.0)	(24.0, 503.0)	(25.0, 790.0)	(26.0, 1076.0)	(27.0, 1504.0)	(28.0, 2075.0)	(29.0, 2815.0)	(30.0, 3643.0)	(31.0, 4658.0)	(32.0, 5775.0)	(33.0, 7392.0)	(34.0, 9480.0)	(35.0, 13112.0)	(36.0, 21649.0)	(37.0, 25481.0)	(38.0, 519.0)		
SRR8438080_2	(14.0, 1.0)	(15.0, 9.0)	(16.0, 96.0)	(17.0, 460.0)	(18.0, 617.0)	(19.0, 590.0)	(20.0, 524.0)	(21.0, 632.0)	(22.0, 848.0)	(23.0, 1125.0)	(24.0, 1588.0)	(25.0, 2048.0)	(26.0, 2807.0)	(27.0, 3774.0)	(28.0, 4733.0)	(29.0, 6053.0)	(30.0, 7814.0)	(31.0, 9534.0)	(32.0, 11757.0)	(33.0, 14139.0)	(34.0, 14894.0)	(35.0, 12016.0)	(36.0, 4758.0)	(37.0, 217.0)	
SRR8438081	(24.0, 1.0)	(25.0, 0.0)	(26.0, 1.0)	(27.0, 2.0)	(28.0, 4.0)	(29.0, 3.0)	(30.0, 3.0)	(31.0, 6.0)	(32.0, 4.0)	(33.0, 6.0)	(34.0, 4.0)	(35.0, 5.0)	(36.0, 2.0)												
SRR8438081_1	(15.0, 1.0)	(16.0, 0.0)	(17.0, 0.0)	(18.0, 0.0)	(19.0, 12.0)	(20.0, 30.0)	(21.0, 91.0)	(22.0, 187.0)	(23.0, 351.0)	(24.0, 614.0)	(25.0, 957.0)	(26.0, 1382.0)	(27.0, 1935.0)	(28.0, 2619.0)	(29.0, 3452.0)	(30.0, 4515.0)	(31.0, 5682.0)	(32.0, 6999.0)	(33.0, 8662.0)	(34.0, 11160.0)	(35.0, 14715.0)	(36.0, 23245.0)	(37.0, 24896.0)	(38.0, 280.0)	
SRR8438081_2	(14.0, 1.0)	(15.0, 18.0)	(16.0, 168.0)	(17.0, 633.0)	(18.0, 770.0)	(19.0, 784.0)	(20.0, 798.0)	(21.0, 946.0)	(22.0, 1207.0)	(23.0, 1443.0)	(24.0, 2008.0)	(25.0, 2681.0)	(26.0, 3440.0)	(27.0, 4362.0)	(28.0, 5617.0)	(29.0, 6940.0)	(30.0, 8736.0)	(31.0, 10399.0)	(32.0, 12107.0)	(33.0, 14010.0)	(34.0, 14928.0)	(35.0, 13100.0)	(36.0, 6292.0)	(37.0, 397.0)	
SRR8438082	(25.0, 2.0)	(26.0, 0.0)	(27.0, 2.0)	(28.0, 2.0)	(29.0, 1.0)	(30.0, 2.0)	(31.0, 4.0)	(32.0, 2.0)	(33.0, 0.0)	(34.0, 2.0)	(35.0, 2.0)														
SRR8438082_1	(16.0, 1.0)	(17.0, 0.0)	(18.0, 6.0)	(19.0, 11.0)	(20.0, 21.0)	(21.0, 64.0)	(22.0, 182.0)	(23.0, 367.0)	(24.0, 607.0)	(25.0, 1049.0)	(26.0, 1292.0)	(27.0, 1694.0)	(28.0, 2459.0)	(29.0, 3142.0)	(30.0, 4113.0)	(31.0, 5097.0)	(32.0, 6747.0)	(33.0, 8213.0)	(34.0, 10711.0)	(35.0, 15449.0)	(36.0, 25950.0)	(37.0, 32142.0)	(38.0, 256.0)		
SRR8438082_2	(14.0, 1.0)	(15.0, 17.0)	(16.0, 114.0)	(17.0, 437.0)	(18.0, 602.0)	(19.0, 566.0)	(20.0, 611.0)	(21.0, 780.0)	(22.0, 1004.0)	(23.0, 1386.0)	(24.0, 1820.0)	(25.0, 2518.0)	(26.0, 3468.0)	(27.0, 4465.0)	(28.0, 5695.0)	(29.0, 7366.0)	(30.0, 9148.0)	(31.0, 11397.0)	(32.0, 13819.0)	(33.0, 16177.0)	(34.0, 17375.0)	(35.0, 14511.0)	(36.0, 5970.0)	(37.0, 326.0)	
SRR8438083	(25.0, 2.0)	(26.0, 3.0)	(27.0, 2.0)	(28.0, 0.0)	(29.0, 2.0)	(30.0, 5.0)	(31.0, 0.0)	(32.0, 0.0)	(33.0, 4.0)	(34.0, 2.0)	(35.0, 3.0)	(36.0, 3.0)	(37.0, 1.0)												
SRR8438083_1	(17.0, 2.0)	(18.0, 8.0)	(19.0, 8.0)	(20.0, 15.0)	(21.0, 58.0)	(22.0, 108.0)	(23.0, 161.0)	(24.0, 278.0)	(25.0, 487.0)	(26.0, 728.0)	(27.0, 1075.0)	(28.0, 1487.0)	(29.0, 2163.0)	(30.0, 2999.0)	(31.0, 4188.0)	(32.0, 5590.0)	(33.0, 7282.0)	(34.0, 9412.0)	(35.0, 12881.0)	(36.0, 22087.0)	(37.0, 50249.0)	(38.0, 27.0)			
SRR8438083_2	(14.0, 6.0)	(15.0, 28.0)	(16.0, 311.0)	(17.0, 671.0)	(18.0, 623.0)	(19.0, 634.0)	(20.0, 723.0)	(21.0, 791.0)	(22.0, 1190.0)	(23.0, 1658.0)	(24.0, 2196.0)	(25.0, 3048.0)	(26.0, 4194.0)	(27.0, 5381.0)	(28.0, 6922.0)	(29.0, 8922.0)	(30.0, 10833.0)	(31.0, 13571.0)	(32.0, 16050.0)	(33.0, 17334.0)	(34.0, 15351.0)	(35.0, 9004.0)	(36.0, 1816.0)	(37.0, 36.0)	
SRR8438084_1	(16.0, 3.0)	(17.0, 6.0)	(18.0, 13.0)	(19.0, 24.0)	(20.0, 97.0)	(21.0, 374.0)	(22.0, 971.0)	(23.0, 2071.0)	(24.0, 2317.0)	(25.0, 769.0)	(26.0, 439.0)	(27.0, 435.0)	(28.0, 606.0)	(29.0, 769.0)	(30.0, 982.0)	(31.0, 1314.0)	(32.0, 1717.0)	(33.0, 2275.0)	(34.0, 2950.0)	(35.0, 4321.0)	(36.0, 6139.0)	(37.0, 3562.0)	(38.0, 5.0)		
SRR8438084_2	(14.0, 2.0)	(15.0, 84.0)	(16.0, 457.0)	(17.0, 1034.0)	(18.0, 1414.0)	(19.0, 1377.0)	(20.0, 1415.0)	(21.0, 1369.0)	(22.0, 927.0)	(23.0, 715.0)	(24.0, 897.0)	(25.0, 1129.0)	(26.0, 1335.0)	(27.0, 1718.0)	(28.0, 2141.0)	(29.0, 2482.0)	(30.0, 2737.0)	(31.0, 3061.0)	(32.0, 2919.0)	(33.0, 2647.0)	(34.0, 1771.0)	(35.0, 479.0)	(36.0, 49.0)		
SRR8438085	(32.0, 1.0)	(33.0, 1.0)																							
SRR8438085_1	(16.0, 5.0)	(17.0, 7.0)	(18.0, 19.0)	(19.0, 63.0)	(20.0, 285.0)	(21.0, 922.0)	(22.0, 1942.0)	(23.0, 3198.0)	(24.0, 3693.0)	(25.0, 1497.0)	(26.0, 558.0)	(27.0, 958.0)	(28.0, 1278.0)	(29.0, 921.0)	(30.0, 1235.0)	(31.0, 1684.0)	(32.0, 2255.0)	(33.0, 3000.0)	(34.0, 4269.0)	(35.0, 5970.0)	(36.0, 6503.0)	(37.0, 2889.0)	(38.0, 6.0)		
SRR8438085_2	(13.0, 1.0)	(14.0, 17.0)	(15.0, 233.0)	(16.0, 1036.0)	(17.0, 2093.0)	(18.0, 2778.0)	(19.0, 2926.0)	(20.0, 2855.0)	(21.0, 2626.0)	(22.0, 1846.0)	(23.0, 1540.0)	(24.0, 1822.0)	(25.0, 1888.0)	(26.0, 1995.0)	(27.0, 2301.0)	(28.0, 2487.0)	(29.0, 2609.0)	(30.0, 2837.0)	(31.0, 2685.0)	(32.0, 2318.0)	(33.0, 2043.0)	(34.0, 1459.0)	(35.0, 694.0)	(36.0, 68.0)	
SRR8438086	(30.0, 1.0)																								
SRR8438086_1	(16.0, 3.0)	(17.0, 1.0)	(18.0, 3.0)	(19.0, 17.0)	(20.0, 32.0)	(21.0, 100.0)	(22.0, 212.0)	(23.0, 496.0)	(24.0, 627.0)	(25.0, 366.0)	(26.0, 436.0)	(27.0, 701.0)	(28.0, 879.0)	(29.0, 1065.0)	(30.0, 1309.0)	(31.0, 1742.0)	(32.0, 2271.0)	(33.0, 2965.0)	(34.0, 3860.0)	(35.0, 5239.0)	(36.0, 6957.0)	(37.0, 3691.0)	(38.0, 14.0)		
SRR8438086_2	(14.0, 5.0)	(15.0, 47.0)	(16.0, 280.0)	(17.0, 829.0)	(18.0, 1062.0)	(19.0, 1082.0)	(20.0, 1173.0)	(21.0, 1048.0)	(22.0, 1010.0)	(23.0, 1040.0)	(24.0, 1312.0)	(25.0, 1413.0)	(26.0, 1654.0)	(27.0, 1989.0)	(28.0, 2326.0)	(29.0, 2649.0)	(30.0, 2918.0)	(31.0, 3212.0)	(32.0, 3055.0)	(33.0, 2716.0)	(34.0, 1650.0)	(35.0, 482.0)	(36.0, 34.0)		
SRR8438087	(27.0, 1.0)	(28.0, 1.0)	(29.0, 0.0)	(30.0, 1.0)	(31.0, 2.0)	(32.0, 1.0)	(33.0, 3.0)	(34.0, 2.0)																	
SRR8438087_1	(17.0, 2.0)	(18.0, 10.0)	(19.0, 32.0)	(20.0, 73.0)	(21.0, 221.0)	(22.0, 539.0)	(23.0, 1049.0)	(24.0, 1447.0)	(25.0, 1028.0)	(26.0, 1152.0)	(27.0, 1720.0)	(28.0, 2262.0)	(29.0, 2738.0)	(30.0, 3787.0)	(31.0, 4949.0)	(32.0, 6503.0)	(33.0, 8508.0)	(34.0, 11518.0)	(35.0, 16352.0)	(36.0, 23839.0)	(37.0, 9717.0)	(38.0, 23.0)			
SRR8438087_2	(14.0, 3.0)	(15.0, 75.0)	(16.0, 436.0)	(17.0, 1055.0)	(18.0, 1339.0)	(19.0, 1383.0)	(20.0, 1378.0)	(21.0, 1436.0)	(22.0, 1587.0)	(23.0, 1977.0)	(24.0, 2640.0)	(25.0, 3400.0)	(26.0, 4364.0)	(27.0, 5375.0)	(28.0, 6430.0)	(29.0, 7906.0)	(30.0, 9282.0)	(31.0, 10672.0)	(32.0, 11406.0)	(33.0, 11108.0)	(34.0, 9141.0)	(35.0, 4499.0)	(36.0, 577.0)		
SRR8438088	(21.0, 1.0)	(22.0, 0.0)	(23.0, 1.0)	(24.0, 1.0)	(25.0, 0.0)	(26.0, 0.0)	(27.0, 0.0)	(28.0, 2.0)	(29.0, 2.0)	(30.0, 1.0)	(31.0, 2.0)	(32.0, 4.0)	(33.0, 3.0)	(34.0, 6.0)	(35.0, 0.0)	(36.0, 4.0)									
SRR8438088_1	(17.0, 1.0)	(18.0, 5.0)	(19.0, 5.0)	(20.0, 16.0)	(21.0, 53.0)	(22.0, 109.0)	(23.0, 232.0)	(24.0, 385.0)	(25.0, 662.0)	(26.0, 935.0)	(27.0, 1329.0)	(28.0, 1840.0)	(29.0, 2522.0)	(30.0, 3267.0)	(31.0, 4275.0)	(32.0, 5272.0)	(33.0, 6930.0)	(34.0, 8896.0)	(35.0, 12611.0)	(36.0, 21268.0)	(37.0, 27254.0)	(38.0, 129.0)			
SRR8438088_2	(14.0, 4.0)	(15.0, 13.0)	(16.0, 126.0)	(17.0, 317.0)	(18.0, 448.0)	(19.0, 427.0)	(20.0, 440.0)	(21.0, 584.0)	(22.0, 771.0)	(23.0, 1103.0)	(24.0, 1483.0)	(25.0, 2014.0)	(26.0, 2744.0)	(27.0, 3457.0)	(28.0, 4474.0)	(29.0, 5711.0)	(30.0, 7360.0)	(31.0, 9266.0)	(32.0, 11209.0)	(33.0, 13495.0)	(34.0, 14596.0)	(35.0, 12508.0)	(36.0, 5179.0)	(37.0, 267.0)	
SRR8438089	(26.0, 1.0)	(27.0, 0.0)	(28.0, 2.0)	(29.0, 0.0)	(30.0, 1.0)	(31.0, 2.0)	(32.0, 1.0)	(33.0, 0.0)	(34.0, 1.0)	(35.0, 1.0)	(36.0, 1.0)														
SRR8438089_1	(17.0, 1.0)	(18.0, 3.0)	(19.0, 2.0)	(20.0, 15.0)	(21.0, 48.0)	(22.0, 122.0)	(23.0, 211.0)	(24.0, 453.0)	(25.0, 743.0)	(26.0, 802.0)	(27.0, 1127.0)	(28.0, 1612.0)	(29.0, 2023.0)	(30.0, 2715.0)	(31.0, 3491.0)	(32.0, 4425.0)	(33.0, 5754.0)	(34.0, 7516.0)	(35.0, 10821.0)	(36.0, 17466.0)	(37.0, 21843.0)	(38.0, 260.0)			
SRR8438089_2	(15.0, 12.0)	(16.0, 127.0)	(17.0, 473.0)	(18.0, 798.0)	(19.0, 919.0)	(20.0, 1007.0)	(21.0, 1089.0)	(22.0, 1230.0)	(23.0, 1454.0)	(24.0, 1839.0)	(25.0, 2260.0)	(26.0, 2844.0)	(27.0, 3644.0)	(28.0, 4546.0)	(29.0, 5548.0)	(30.0, 6754.0)	(31.0, 8093.0)	(32.0, 9119.0)	(33.0, 9850.0)	(34.0, 9567.0)	(35.0, 7448.0)	(36.0, 2724.0)	(37.0, 108.0)		
SRR8438090	(25.0, 1.0)	(26.0, 1.0)	(27.0, 2.0)	(28.0, 0.0)	(29.0, 4.0)	(30.0, 3.0)	(31.0, 5.0)	(32.0, 4.0)	(33.0, 1.0)	(34.0, 0.0)	(35.0, 1.0)	(36.0, 1.0)	(37.0, 1.0)												
SRR8438090_1	(17.0, 1.0)	(18.0, 1.0)	(19.0, 6.0)	(20.0, 21.0)	(21.0, 56.0)	(22.0, 94.0)	(23.0, 189.0)	(24.0, 303.0)	(25.0, 509.0)	(26.0, 772.0)	(27.0, 1096.0)	(28.0, 1577.0)	(29.0, 2045.0)	(30.0, 2565.0)	(31.0, 3435.0)	(32.0, 4269.0)	(33.0, 5363.0)	(34.0, 7120.0)	(35.0, 9854.0)	(36.0, 16503.0)	(37.0, 21361.0)	(38.0, 247.0)			
SRR8438090_2	(14.0, 1.0)	(15.0, 2.0)	(16.0, 58.0)	(17.0, 129.0)	(18.0, 196.0)	(19.0, 213.0)	(20.0, 258.0)	(21.0, 392.0)	(22.0, 568.0)	(23.0, 865.0)	(24.0, 1291.0)	(25.0, 1727.0)	(26.0, 2400.0)	(27.0, 3092.0)	(28.0, 4098.0)	(29.0, 4984.0)	(30.0, 6403.0)	(31.0, 7798.0)	(32.0, 9252.0)	(33.0, 10874.0)	(34.0, 11052.0)	(35.0, 8545.0)	(36.0, 3033.0)	(37.0, 156.0)	
SRR8438091	(27.0, 1.0)	(28.0, 1.0)	(29.0, 2.0)	(30.0, 0.0)	(31.0, 0.0)	(32.0, 1.0)	(33.0, 0.0)	(34.0, 0.0)	(35.0, 0.0)	(36.0, 2.0)															
SRR8438091_1	(18.0, 3.0)	(19.0, 5.0)	(20.0, 12.0)	(21.0, 45.0)	(22.0, 92.0)	(23.0, 202.0)	(24.0, 366.0)	(25.0, 558.0)	(26.0, 836.0)	(27.0, 1203.0)	(28.0, 1628.0)	(29.0, 2210.0)	(30.0, 2878.0)	(31.0, 3718.0)	(32.0, 4761.0)	(33.0, 6001.0)	(34.0, 7808.0)	(35.0, 11022.0)	(36.0, 18258.0)	(37.0, 21504.0)	(38.0, 10.0)				
SRR8438091_2	(14.0, 1.0)	(15.0, 9.0)	(16.0, 43.0)	(17.0, 263.0)	(18.0, 404.0)	(19.0, 378.0)	(20.0, 419.0)	(21.0, 535.0)	(22.0, 724.0)	(23.0, 992.0)	(24.0, 1438.0)	(25.0, 1997.0)	(26.0, 2492.0)	(27.0, 3330.0)	(28.0, 4168.0)	(29.0, 5430.0)	(30.0, 6703.0)	(31.0, 8254.0)	(32.0, 10119.0)	(33.0, 11494.0)	(34.0, 11863.0)	(35.0, 9197.0)	(36.0, 2782.0)	(37.0, 85.0)	
SRR8438092	(29.0, 1.0)	(30.0, 0.0)	(31.0, 0.0)	(32.0, 1.0)																					
SRR8438092_1	(17.0, 1.0)	(18.0, 5.0)	(19.0, 17.0)	(20.0, 56.0)	(21.0, 125.0)	(22.0, 268.0)	(23.0, 569.0)	(24.0, 643.0)	(25.0, 510.0)	(26.0, 754.0)	(27.0, 1121.0)	(28.0, 1576.0)	(29.0, 2162.0)	(30.0, 3012.0)	(31.0, 4052.0)	(32.0, 5137.0)	(33.0, 7058.0)	(34.0, 9311.0)	(35.0, 13883.0)	(36.0, 22230.0)	(37.0, 13878.0)	(38.0, 22.0)			
SRR8438092_2	(14.0, 4.0)	(15.0, 51.0)	(16.0, 446.0)	(17.0, 868.0)	(18.0, 959.0)	(19.0, 995.0)	(20.0, 943.0)	(21.0, 1292.0)	(22.0, 1492.0)	(23.0, 1929.0)	(24.0, 2590.0)	(25.0, 3290.0)	(26.0, 4030.0)	(27.0, 5108.0)	(28.0, 6258.0)	(29.0, 7451.0)	(30.0, 8684.0)	(31.0, 9646.0)	(32.0, 10118.0)	(33.0, 9555.0)	(34.0, 7311.0)	(35.0, 3063.0)	(36.0, 307.0)		
SRR8438093	(29.0, 1.0)																								
SRR8438093_1	(19.0, 2.0)	(20.0, 8.0)	(21.0, 17.0)	(22.0, 32.0)	(23.0, 52.0)	(24.0, 55.0)	(25.0, 68.0)	(26.0, 99.0)	(27.0, 117.0)	(28.0, 150.0)	(29.0, 205.0)	(30.0, 321.0)	(31.0, 392.0)	(32.0, 533.0)	(33.0, 620.0)	(34.0, 875.0)	(35.0, 1238.0)	(36.0, 1964.0)	(37.0, 2972.0)	(38.0, 201.0)					
SRR8438093_2	(14.0, 1.0)	(15.0, 2.0)	(16.0, 18.0)	(17.0, 68.0)	(18.0, 65.0)	(19.0, 52.0)	(20.0, 55.0)	(21.0, 86.0)	(22.0, 83.0)	(23.0, 108.0)	(24.0, 196.0)	(25.0, 282.0)	(26.0, 303.0)	(27.0, 436.0)	(28.0, 525.0)	(29.0, 689.0)	(30.0, 843.0)	(31.0, 1093.0)	(32.0, 1145.0)	(33.0, 1242.0)	(34.0, 1321.0)	(35.0, 949.0)	(36.0, 335.0)	(37.0, 24.0)	
SRR8438094	(23.0, 1.0)	(24.0, 0.0)	(25.0, 0.0)	(26.0, 3.0)	(27.0, 1.0)	(28.0, 1.0)	(29.0, 3.0)	(30.0, 3.0)	(31.0, 3.0)	(32.0, 6.0)	(33.0, 4.0)	(34.0, 4.0)	(35.0, 4.0)	(36.0, 2.0)											
SRR8438094_1	(17.0, 1.0)	(18.0, 0.0)	(19.0, 10.0)	(20.0, 18.0)	(21.0, 67.0)	(22.0, 135.0)	(23.0, 249.0)	(24.0, 442.0)	(25.0, 759.0)	(26.0, 1113.0)	(27.0, 1518.0)	(28.0, 2121.0)	(29.0, 2679.0)	(30.0, 3612.0)	(31.0, 4489.0)	(32.0, 5502.0)	(33.0, 7105.0)	(34.0, 8931.0)	(35.0, 12232.0)	(36.0, 17950.0)	(37.0, 19398.0)	(38.0, 156.0)			
SRR8438094_2	(15.0, 18.0)	(16.0, 183.0)	(17.0, 560.0)	(18.0, 684.0)	(19.0, 683.0)	(20.0, 686.0)	(21.0, 788.0)	(22.0, 933.0)	(23.0, 1208.0)	(24.0, 1623.0)	(25.0, 2067.0)	(26.0, 2641.0)	(27.0, 3426.0)	(28.0, 4289.0)	(29.0, 5373.0)	(30.0, 6545.0)	(31.0, 7978.0)	(32.0, 9497.0)	(33.0, 11145.0)	(34.0, 12027.0)	(35.0, 10782.0)	(36.0, 5071.0)	(37.0, 280.0)		
SRR8438095	(20.0, 1.0)	(21.0, 0.0)	(22.0, 1.0)	(23.0, 0.0)	(24.0, 0.0)	(25.0, 0.0)	(26.0, 1.0)	(27.0, 3.0)	(28.0, 4.0)	(29.0, 6.0)	(30.0, 1.0)	(31.0, 1.0)	(32.0, 1.0)	(33.0, 3.0)	(34.0, 1.0)	(35.0, 2.0)	(36.0, 4.0)								
SRR8438095_1	(18.0, 5.0)	(19.0, 15.0)	(20.0, 23.0)	(21.0, 62.0)	(22.0, 120.0)	(23.0, 219.0)	(24.0, 363.0)	(25.0, 531.0)	(26.0, 811.0)	(27.0, 1192.0)	(28.0, 1607.0)	(29.0, 2358.0)	(30.0, 3006.0)	(31.0, 3978.0)	(32.0, 5019.0)	(33.0, 6374.0)	(34.0, 8025.0)	(35.0, 11214.0)	(36.0, 18487.0)	(37.0, 25443.0)	(38.0, 77.0)				
SRR8438095_2	(14.0, 1.0)	(15.0, 20.0)	(16.0, 143.0)	(17.0, 299.0)	(18.0, 400.0)	(19.0, 389.0)	(20.0, 467.0)	(21.0, 577.0)	(22.0, 808.0)	(23.0, 1122.0)	(24.0, 1618.0)	(25.0, 2239.0)	(26.0, 2911.0)	(27.0, 3885.0)	(28.0, 5071.0)	(29.0, 6069.0)	(30.0, 7577.0)	(31.0, 9044.0)	(32.0, 10711.0)	(33.0, 12037.0)	(34.0, 11787.0)	(35.0, 8573.0)	(36.0, 3039.0)	(37.0, 142.0)	
SRR8438096	(25.0, 1.0)	(26.0, 0.0)	(27.0, 0.0)	(28.0, 0.0)	(29.0, 1.0)	(30.0, 0.0)	(31.0, 1.0)	(32.0, 1.0)	(33.0, 3.0)	(34.0, 0.0)	(35.0, 1.0)	(36.0, 1.0)													
SRR8438096_1	(17.0, 3.0)	(18.0, 3.0)	(19.0, 23.0)	(20.0, 52.0)	(21.0, 143.0)	(22.0, 360.0)	(23.0, 514.0)	(24.0, 546.0)	(25.0, 486.0)	(26.0, 469.0)	(27.0, 674.0)	(28.0, 893.0)	(29.0, 1128.0)	(30.0, 1308.0)	(31.0, 1592.0)	(32.0, 1990.0)	(33.0, 2541.0)	(34.0, 3336.0)	(35.0, 4929.0)	(36.0, 6808.0)	(37.0, 7383.0)	(38.0, 248.0)			
SRR8438096_2	(14.0, 1.0)	(15.0, 20.0)	(16.0, 147.0)	(17.0, 373.0)	(18.0, 522.0)	(19.0, 493.0)	(20.0, 517.0)	(21.0, 547.0)	(22.0, 676.0)	(23.0, 826.0)	(24.0, 999.0)	(25.0, 1276.0)	(26.0, 1626.0)	(27.0, 2035.0)	(28.0, 2452.0)	(29.0, 3005.0)	(30.0, 3520.0)	(31.0, 3859.0)	(32.0, 3693.0)	(33.0, 3546.0)	(34.0, 2801.0)	(35.0, 1853.0)	(36.0, 607.0)	(37.0, 35.0)	
SRR8438097	(23.0, 1.0)	(24.0, 0.0)	(25.0, 0.0)	(26.0, 0.0)	(27.0, 0.0)	(28.0, 1.0)	(29.0, 0.0)	(30.0, 1.0)	(31.0, 2.0)	(32.0, 3.0)	(33.0, 0.0)	(34.0, 0.0)	(35.0, 1.0)	(36.0, 1.0)											
SRR8438097_1	(16.0, 1.0)	(17.0, 4.0)	(18.0, 29.0)	(19.0, 115.0)	(20.0, 322.0)	(21.0, 788.0)	(22.0, 1282.0)	(23.0, 1052.0)	(24.0, 442.0)	(25.0, 416.0)	(26.0, 576.0)	(27.0, 743.0)	(28.0, 957.0)	(29.0, 1194.0)	(30.0, 1423.0)	(31.0, 1683.0)	(32.0, 2180.0)	(33.0, 2670.0)	(34.0, 3678.0)	(35.0, 5288.0)	(36.0, 5038.0)	(37.0, 1959.0)	(38.0, 103.0)		
SRR8438097_2	(15.0, 37.0)	(16.0, 376.0)	(17.0, 980.0)	(18.0, 1091.0)	(19.0, 941.0)	(20.0, 867.0)	(21.0, 795.0)	(22.0, 885.0)	(23.0, 1089.0)	(24.0, 1281.0)	(25.0, 1571.0)	(26.0, 1930.0)	(27.0, 2196.0)	(28.0, 2590.0)	(29.0, 3051.0)	(30.0, 3319.0)	(31.0, 3203.0)	(32.0, 2855.0)	(33.0, 1636.0)	(34.0, 711.0)	(35.0, 395.0)	(36.0, 140.0)	(37.0, 4.0)		
SRR8438098	(24.0, 1.0)	(25.0, 0.0)	(26.0, 1.0)	(27.0, 2.0)	(28.0, 1.0)	(29.0, 2.0)	(30.0, 1.0)	(31.0, 1.0)	(32.0, 2.0)	(33.0, 0.0)	(34.0, 3.0)	(35.0, 0.0)	(36.0, 1.0)												
SRR8438098_1	(16.0, 1.0)	(17.0, 3.0)	(18.0, 13.0)	(19.0, 33.0)	(20.0, 87.0)	(21.0, 213.0)	(22.0, 354.0)	(23.0, 451.0)	(24.0, 520.0)	(25.0, 679.0)	(26.0, 903.0)	(27.0, 1290.0)	(28.0, 1684.0)	(29.0, 2245.0)	(30.0, 3002.0)	(31.0, 3946.0)	(32.0, 5132.0)	(33.0, 6432.0)	(34.0, 8513.0)	(35.0, 10971.0)	(36.0, 14861.0)	(37.0, 8418.0)	(38.0, 91.0)		
SRR8438098_2	(15.0, 9.0)	(16.0, 94.0)	(17.0, 258.0)	(18.0, 364.0)	(19.0, 319.0)	(20.0, 415.0)	(21.0, 438.0)	(22.0, 660.0)	(23.0, 930.0)	(24.0, 1274.0)	(25.0, 1902.0)	(26.0, 2509.0)	(27.0, 3391.0)	(28.0, 4272.0)	(29.0, 5298.0)	(30.0, 6143.0)	(31.0, 7147.0)	(32.0, 7731.0)	(33.0, 8181.0)	(34.0, 7796.0)	(35.0, 6557.0)	(36.0, 3679.0)	(37.0, 475.0)		
SRR8438099	(23.0, 1.0)	(24.0, 0.0)	(25.0, 1.0)	(26.0, 2.0)	(27.0, 2.0)	(28.0, 4.0)	(29.0, 2.0)	(30.0, 8.0)	(31.0, 3.0)	(32.0, 1.0)	(33.0, 3.0)	(34.0, 5.0)	(35.0, 1.0)	(36.0, 1.0)	(37.0, 1.0)										
SRR8438099_1	(17.0, 3.0)	(18.0, 2.0)	(19.0, 5.0)	(20.0, 19.0)	(21.0, 48.0)	(22.0, 89.0)	(23.0, 169.0)	(24.0, 325.0)	(25.0, 530.0)	(26.0, 805.0)	(27.0, 1234.0)	(28.0, 1860.0)	(29.0, 2538.0)	(30.0, 3613.0)	(31.0, 4841.0)	(32.0, 6455.0)	(33.0, 8272.0)	(34.0, 10843.0)	(35.0, 15524.0)	(36.0, 28428.0)	(37.0, 40938.0)	(38.0, 22.0)			
SRR8438099_2	(14.0, 1.0)	(15.0, 9.0)	(16.0, 132.0)	(17.0, 636.0)	(18.0, 1085.0)	(19.0, 1229.0)	(20.0, 1370.0)	(21.0, 1394.0)	(22.0, 1758.0)	(23.0, 2141.0)	(24.0, 2697.0)	(25.0, 3296.0)	(26.0, 4299.0)	(27.0, 5275.0)	(28.0, 6542.0)	(29.0, 8075.0)	(30.0, 9998.0)	(31.0, 11980.0)	(32.0, 14356.0)	(33.0, 15999.0)	(34.0, 16511.0)	(35.0, 13043.0)	(36.0, 4590.0)	(37.0, 147.0)	
SRR8438100	(21.0, 1.0)	(22.0, 0.0)	(23.0, 0.0)	(24.0, 0.0)	(25.0, 0.0)	(26.0, 2.0)	(27.0, 2.0)	(28.0, 3.0)	(29.0, 1.0)	(30.0, 3.0)	(31.0, 1.0)	(32.0, 2.0)	(33.0, 2.0)	(34.0, 2.0)	(35.0, 0.0)	(36.0, 1.0)	(37.0, 1.0)								
SRR8438100_1	(19.0, 5.0)	(20.0, 15.0)	(21.0, 53.0)	(22.0, 103.0)	(23.0, 205.0)	(24.0, 315.0)	(25.0, 504.0)	(26.0, 788.0)	(27.0, 1120.0)	(28.0, 1723.0)	(29.0, 2260.0)	(30.0, 2954.0)	(31.0, 3947.0)	(32.0, 5208.0)	(33.0, 6871.0)	(34.0, 9163.0)	(35.0, 13578.0)	(36.0, 22214.0)	(37.0, 34228.0)	(38.0, 1474.0)					
SRR8438100_2	(14.0, 1.0)	(15.0, 3.0)	(16.0, 61.0)	(17.0, 240.0)	(18.0, 347.0)	(19.0, 452.0)	(20.0, 563.0)	(21.0, 811.0)	(22.0, 1168.0)	(23.0, 1553.0)	(24.0, 2114.0)	(25.0, 2766.0)	(26.0, 3732.0)	(27.0, 4797.0)	(28.0, 6026.0)	(29.0, 7518.0)	(30.0, 9462.0)	(31.0, 11113.0)	(32.0, 12921.0)	(33.0, 13687.0)	(34.0, 13237.0)	(35.0, 10275.0)	(36.0, 3701.0)	(37.0, 180.0)	
SRR8438101	(27.0, 2.0)	(28.0, 1.0)	(29.0, 6.0)	(30.0, 2.0)	(31.0, 2.0)	(32.0, 3.0)	(33.0, 0.0)	(34.0, 3.0)	(35.0, 2.0)																
SRR8438101_1	(18.0, 1.0)	(19.0, 5.0)	(20.0, 10.0)	(21.0, 47.0)	(22.0, 77.0)	(23.0, 147.0)	(24.0, 253.0)	(25.0, 455.0)	(26.0, 612.0)	(27.0, 941.0)	(28.0, 1377.0)	(29.0, 1942.0)	(30.0, 2610.0)	(31.0, 3600.0)	(32.0, 4752.0)	(33.0, 6140.0)	(34.0, 8145.0)	(35.0, 11590.0)	(36.0, 20582.0)	(37.0, 35650.0)	(38.0, 1907.0)				
SRR8438101_2	(14.0, 1.0)	(15.0, 6.0)	(16.0, 33.0)	(17.0, 165.0)	(18.0, 263.0)	(19.0, 342.0)	(20.0, 399.0)	(21.0, 548.0)	(22.0, 830.0)	(23.0, 1204.0)	(24.0, 1768.0)	(25.0, 2463.0)	(26.0, 3372.0)	(27.0, 4379.0)	(28.0, 5661.0)	(29.0, 7130.0)	(30.0, 8725.0)	(31.0, 10591.0)	(32.0, 12239.0)	(33.0, 13647.0)	(34.0, 13386.0)	(35.0, 9991.0)	(36.0, 3526.0)	(37.0, 174.0)	
SRR8438102	(29.0, 1.0)	(30.0, 1.0)	(31.0, 2.0)	(32.0, 2.0)	(33.0, 0.0)	(34.0, 1.0)																			
SRR8438102_1	(17.0, 4.0)	(18.0, 8.0)	(19.0, 9.0)	(20.0, 38.0)	(21.0, 92.0)	(22.0, 212.0)	(23.0, 426.0)	(24.0, 464.0)	(25.0, 606.0)	(26.0, 883.0)	(27.0, 1237.0)	(28.0, 1955.0)	(29.0, 2526.0)	(30.0, 3455.0)	(31.0, 4485.0)	(32.0, 6364.0)	(33.0, 8295.0)	(34.0, 11286.0)	(35.0, 16534.0)	(36.0, 25508.0)	(37.0, 13584.0)	(38.0, 29.0)			
SRR8438102_2	(14.0, 2.0)	(15.0, 16.0)	(16.0, 191.0)	(17.0, 669.0)	(18.0, 791.0)	(19.0, 797.0)	(20.0, 910.0)	(21.0, 1172.0)	(22.0, 1581.0)	(23.0, 2206.0)	(24.0, 2941.0)	(25.0, 3836.0)	(26.0, 4891.0)	(27.0, 5940.0)	(28.0, 7241.0)	(29.0, 8697.0)	(30.0, 9878.0)	(31.0, 11015.0)	(32.0, 11603.0)	(33.0, 10930.0)	(34.0, 8537.0)	(35.0, 3772.0)	(36.0, 384.0)		
SRR8438103	(23.0, 1.0)	(24.0, 2.0)	(25.0, 0.0)	(26.0, 2.0)	(27.0, 3.0)	(28.0, 5.0)	(29.0, 2.0)	(30.0, 4.0)	(31.0, 7.0)	(32.0, 8.0)	(33.0, 4.0)	(34.0, 4.0)	(35.0, 6.0)	(36.0, 1.0)	(37.0, 1.0)										
SRR8438103_1	(18.0, 2.0)	(19.0, 4.0)	(20.0, 34.0)	(21.0, 75.0)	(22.0, 173.0)	(23.0, 279.0)	(24.0, 512.0)	(25.0, 794.0)	(26.0, 996.0)	(27.0, 1384.0)	(28.0, 1950.0)	(29.0, 2593.0)	(30.0, 3390.0)	(31.0, 4455.0)	(32.0, 5605.0)	(33.0, 6848.0)	(34.0, 8879.0)	(35.0, 11807.0)	(36.0, 19265.0)	(37.0, 26787.0)	(38.0, 753.0)				
SRR8438103_2	(14.0, 8.0)	(15.0, 35.0)	(16.0, 167.0)	(17.0, 415.0)	(18.0, 519.0)	(19.0, 511.0)	(20.0, 605.0)	(21.0, 873.0)	(22.0, 1091.0)	(23.0, 1501.0)	(24.0, 1971.0)	(25.0, 2844.0)	(26.0, 3613.0)	(27.0, 4588.0)	(28.0, 5847.0)	(29.0, 7004.0)	(30.0, 8527.0)	(31.0, 9928.0)	(32.0, 11415.0)	(33.0, 12183.0)	(34.0, 11738.0)	(35.0, 8353.0)	(36.0, 2721.0)	(37.0, 128.0)	
SRR8438104	(29.0, 1.0)	(30.0, 2.0)	(31.0, 0.0)	(32.0, 0.0)	(33.0, 1.0)	(34.0, 1.0)																			
SRR8438104_1	(16.0, 4.0)	(17.0, 3.0)	(18.0, 19.0)	(19.0, 27.0)	(20.0, 120.0)	(21.0, 258.0)	(22.0, 722.0)	(23.0, 1252.0)	(24.0, 1088.0)	(25.0, 396.0)	(26.0, 413.0)	(27.0, 436.0)	(28.0, 591.0)	(29.0, 770.0)	(30.0, 954.0)	(31.0, 1228.0)	(32.0, 1513.0)	(33.0, 1801.0)	(34.0, 2344.0)	(35.0, 3164.0)	(36.0, 5014.0)	(37.0, 3072.0)	(38.0, 1.0)		
SRR8438104_2	(14.0, 1.0)	(15.0, 30.0)	(16.0, 188.0)	(17.0, 485.0)	(18.0, 668.0)	(19.0, 876.0)	(20.0, 862.0)	(21.0, 948.0)	(22.0, 652.0)	(23.0, 582.0)	(24.0, 739.0)	(25.0, 901.0)	(26.0, 1120.0)	(27.0, 1473.0)	(28.0, 1712.0)	(29.0, 2024.0)	(30.0, 2316.0)	(31.0, 2556.0)	(32.0, 2539.0)	(33.0, 2316.0)	(34.0, 1563.0)	(35.0, 575.0)	(36.0, 64.0)		
SRR8438105	(18.0, 1.0)	(19.0, 0.0)	(20.0, 0.0)	(21.0, 0.0)	(22.0, 0.0)	(23.0, 0.0)	(24.0, 0.0)	(25.0, 0.0)	(26.0, 0.0)	(27.0, 1.0)	(28.0, 0.0)	(29.0, 1.0)	(30.0, 1.0)	(31.0, 0.0)	(32.0, 1.0)	(33.0, 0.0)	(34.0, 1.0)	(35.0, 1.0)	(36.0, 2.0)						
SRR8438105_1	(15.0, 1.0)	(16.0, 2.0)	(17.0, 6.0)	(18.0, 13.0)	(19.0, 82.0)	(20.0, 195.0)	(21.0, 637.0)	(22.0, 1239.0)	(23.0, 1974.0)	(24.0, 1770.0)	(25.0, 602.0)	(26.0, 411.0)	(27.0, 531.0)	(28.0, 660.0)	(29.0, 794.0)	(30.0, 1004.0)	(31.0, 1317.0)	(32.0, 1660.0)	(33.0, 2039.0)	(34.0, 2665.0)	(35.0, 3706.0)	(36.0, 4980.0)	(37.0, 2529.0)	(38.0, 4.0)	
SRR8438105_2	(14.0, 10.0)	(15.0, 127.0)	(16.0, 609.0)	(17.0, 1179.0)	(18.0, 1454.0)	(19.0, 1467.0)	(20.0, 1324.0)	(21.0, 1222.0)	(22.0, 728.0)	(23.0, 652.0)	(24.0, 850.0)	(25.0, 982.0)	(26.0, 1188.0)	(27.0, 1531.0)	(28.0, 1650.0)	(29.0, 1911.0)	(30.0, 2264.0)	(31.0, 2429.0)	(32.0, 2484.0)	(33.0, 2226.0)	(34.0, 1636.0)	(35.0, 796.0)	(36.0, 102.0)		
SRR8438106	(21.0, 1.0)	(22.0, 0.0)	(23.0, 0.0)	(24.0, 1.0)	(25.0, 1.0)	(26.0, 1.0)	(27.0, 0.0)	(28.0, 1.0)	(29.0, 2.0)	(30.0, 0.0)	(31.0, 1.0)	(32.0, 0.0)	(33.0, 1.0)	(34.0, 3.0)	(35.0, 1.0)	(36.0, 2.0)									
SRR8438106_1	(17.0, 1.0)	(18.0, 1.0)	(19.0, 2.0)	(20.0, 19.0)	(21.0, 52.0)	(22.0, 124.0)	(23.0, 258.0)	(24.0, 498.0)	(25.0, 819.0)	(26.0, 1182.0)	(27.0, 1729.0)	(28.0, 2336.0)	(29.0, 3087.0)	(30.0, 3926.0)	(31.0, 5069.0)	(32.0, 6613.0)	(33.0, 8310.0)	(34.0, 10827.0)	(35.0, 14925.0)	(36.0, 23248.0)	(37.0, 25407.0)	(38.0, 191.0)			
SRR8438106_2	(16.0, 40.0)	(17.0, 165.0)	(18.0, 281.0)	(19.0, 288.0)	(20.0, 331.0)	(21.0, 488.0)	(22.0, 766.0)	(23.0, 1199.0)	(24.0, 1643.0)	(25.0, 2339.0)	(26.0, 3195.0)	(27.0, 4121.0)	(28.0, 5319.0)	(29.0, 6661.0)	(30.0, 8342.0)	(31.0, 10278.0)	(32.0, 12626.0)	(33.0, 15142.0)	(34.0, 16084.0)	(35.0, 13065.0)	(36.0, 5843.0)	(37.0, 408.0)			
SRR8438107	(25.0, 2.0)	(26.0, 1.0)	(27.0, 0.0)	(28.0, 1.0)	(29.0, 1.0)	(30.0, 1.0)	(31.0, 0.0)	(32.0, 1.0)	(33.0, 1.0)	(34.0, 1.0)	(35.0, 5.0)														
SRR8438107_1	(14.0, 1.0)	(15.0, 0.0)	(16.0, 1.0)	(17.0, 4.0)	(18.0, 12.0)	(19.0, 48.0)	(20.0, 147.0)	(21.0, 432.0)	(22.0, 1004.0)	(23.0, 1865.0)	(24.0, 1636.0)	(25.0, 863.0)	(26.0, 933.0)	(27.0, 1321.0)	(28.0, 1816.0)	(29.0, 2437.0)	(30.0, 3140.0)	(31.0, 4199.0)	(32.0, 5510.0)	(33.0, 7378.0)	(34.0, 9923.0)	(35.0, 14224.0)	(36.0, 21165.0)	(37.0, 10477.0)	(38.0, 38.0)
SRR8438107_2	(13.0, 1.0)	(14.0, 16.0)	(15.0, 133.0)	(16.0, 614.0)	(17.0, 1035.0)	(18.0, 1247.0)	(19.0, 1243.0)	(20.0, 1437.0)	(21.0, 1579.0)	(22.0, 1449.0)	(23.0, 1495.0)	(24.0, 1890.0)	(25.0, 2519.0)	(26.0, 3397.0)	(27.0, 4426.0)	(28.0, 5521.0)	(29.0, 6678.0)	(30.0, 7954.0)	(31.0, 9504.0)	(32.0, 10596.0)	(33.0, 10895.0)	(34.0, 9272.0)	(35.0, 4939.0)	(36.0, 732.0)	(37.0, 2.0)
SRR8438108	(15.0, 1.0)	(16.0, 0.0)	(17.0, 0.0)	(18.0, 0.0)	(19.0, 0.0)	(20.0, 0.0)	(21.0, 0.0)	(22.0, 0.0)	(23.0, 0.0)	(24.0, 1.0)	(25.0, 0.0)	(26.0, 0.0)	(27.0, 0.0)	(28.0, 2.0)	(29.0, 0.0)	(30.0, 0.0)	(31.0, 2.0)	(32.0, 2.0)	(33.0, 0.0)	(34.0, 1.0)	(35.0, 1.0)	(36.0, 1.0)			
SRR8438108_1	(17.0, 2.0)	(18.0, 12.0)	(19.0, 43.0)	(20.0, 145.0)	(21.0, 320.0)	(22.0, 493.0)	(23.0, 598.0)	(24.0, 798.0)	(25.0, 977.0)	(26.0, 1271.0)	(27.0, 1842.0)	(28.0, 2390.0)	(29.0, 2809.0)	(30.0, 3730.0)	(31.0, 4678.0)	(32.0, 5820.0)	(33.0, 7225.0)	(34.0, 9564.0)	(35.0, 13150.0)	(36.0, 14696.0)	(37.0, 8163.0)	(38.0, 12.0)			
SRR8438108_2	(14.0, 7.0)	(15.0, 102.0)	(16.0, 649.0)	(17.0, 1308.0)	(18.0, 1259.0)	(19.0, 1272.0)	(20.0, 1393.0)	(21.0, 1567.0)	(22.0, 2005.0)	(23.0, 2623.0)	(24.0, 3203.0)	(25.0, 4009.0)	(26.0, 4747.0)	(27.0, 5692.0)	(28.0, 6607.0)	(29.0, 7410.0)	(30.0, 7783.0)	(31.0, 7895.0)	(32.0, 7262.0)	(33.0, 6214.0)	(34.0, 4209.0)	(35.0, 1408.0)	(36.0, 114.0)		
SRR8438109	(26.0, 1.0)	(27.0, 2.0)	(28.0, 0.0)	(29.0, 3.0)	(30.0, 0.0)	(31.0, 1.0)	(32.0, 1.0)	(33.0, 3.0)																	
SRR8438109_1	(16.0, 1.0)	(17.0, 5.0)	(18.0, 4.0)	(19.0, 20.0)	(20.0, 45.0)	(21.0, 141.0)	(22.0, 305.0)	(23.0, 432.0)	(24.0, 569.0)	(25.0, 819.0)	(26.0, 983.0)	(27.0, 1328.0)	(28.0, 1907.0)	(29.0, 2544.0)	(30.0, 3507.0)	(31.0, 4748.0)	(32.0, 6185.0)	(33.0, 7825.0)	(34.0, 10413.0)	(35.0, 15191.0)	(36.0, 23874.0)	(37.0, 13401.0)	(38.0, 66.0)		
SRR8438109_2	(14.0, 11.0)	(15.0, 89.0)	(16.0, 499.0)	(17.0, 868.0)	(18.0, 888.0)	(19.0, 870.0)	(20.0, 929.0)	(21.0, 1172.0)	(22.0, 1478.0)	(23.0, 2009.0)	(24.0, 2787.0)	(25.0, 3722.0)	(26.0, 4669.0)	(27.0, 5745.0)	(28.0, 7098.0)	(29.0, 8199.0)	(30.0, 9453.0)	(31.0, 10479.0)	(32.0, 10898.0)	(33.0, 10385.0)	(34.0, 8218.0)	(35.0, 3446.0)	(36.0, 400.0)	(37.0, 1.0)	
SRR8438110	(26.0, 1.0)	(27.0, 0.0)	(28.0, 0.0)	(29.0, 0.0)	(30.0, 1.0)	(31.0, 0.0)	(32.0, 0.0)	(33.0, 0.0)	(34.0, 1.0)																
SRR8438110_1	(17.0, 1.0)	(18.0, 7.0)	(19.0, 29.0)	(20.0, 69.0)	(21.0, 232.0)	(22.0, 313.0)	(23.0, 279.0)	(24.0, 285.0)	(25.0, 348.0)	(26.0, 441.0)	(27.0, 705.0)	(28.0, 948.0)	(29.0, 1331.0)	(30.0, 1856.0)	(31.0, 2418.0)	(32.0, 3473.0)	(33.0, 4609.0)	(34.0, 6712.0)	(35.0, 9928.0)	(36.0, 15161.0)	(37.0, 9314.0)	(38.0, 81.0)			
SRR8438110_2	(15.0, 10.0)	(16.0, 73.0)	(17.0, 334.0)	(18.0, 506.0)	(19.0, 461.0)	(20.0, 408.0)	(21.0, 419.0)	(22.0, 451.0)	(23.0, 563.0)	(24.0, 760.0)	(25.0, 1071.0)	(26.0, 1370.0)	(27.0, 1940.0)	(28.0, 2496.0)	(29.0, 3167.0)	(30.0, 4146.0)	(31.0, 5154.0)	(32.0, 6299.0)	(33.0, 7209.0)	(34.0, 7922.0)	(35.0, 7679.0)	(36.0, 5371.0)	(37.0, 731.0)		
SRR8438111	(22.0, 1.0)	(23.0, 0.0)	(24.0, 0.0)	(25.0, 0.0)	(26.0, 0.0)	(27.0, 1.0)	(28.0, 1.0)	(29.0, 3.0)	(30.0, 1.0)	(31.0, 2.0)	(32.0, 1.0)	(33.0, 4.0)	(34.0, 6.0)												
SRR8438111_1	(17.0, 2.0)	(18.0, 5.0)	(19.0, 16.0)	(20.0, 50.0)	(21.0, 83.0)	(22.0, 163.0)	(23.0, 192.0)	(24.0, 301.0)	(25.0, 478.0)	(26.0, 677.0)	(27.0, 947.0)	(28.0, 1402.0)	(29.0, 1819.0)	(30.0, 2599.0)	(31.0, 3588.0)	(32.0, 5036.0)	(33.0, 6537.0)	(34.0, 8845.0)	(35.0, 12738.0)	(36.0, 20670.0)	(37.0, 11394.0)	(38.0, 5.0)			
SRR8438111_2	(15.0, 7.0)	(16.0, 88.0)	(17.0, 494.0)	(18.0, 757.0)	(19.0, 631.0)	(20.0, 572.0)	(21.0, 641.0)	(22.0, 783.0)	(23.0, 1029.0)	(24.0, 1358.0)	(25.0, 1870.0)	(26.0, 2390.0)	(27.0, 3098.0)	(28.0, 3853.0)	(29.0, 4959.0)	(30.0, 6164.0)	(31.0, 7185.0)	(32.0, 8243.0)	(33.0, 8949.0)	(34.0, 9211.0)	(35.0, 8635.0)	(36.0, 5803.0)	(37.0, 827.0)		
SRR8438112	(28.0, 1.0)	(29.0, 0.0)	(30.0, 1.0)	(31.0, 0.0)	(32.0, 2.0)	(33.0, 0.0)	(34.0, 0.0)	(35.0, 2.0)	(36.0, 1.0)																
SRR8438112_1	(16.0, 3.0)	(17.0, 2.0)	(18.0, 13.0)	(19.0, 31.0)	(20.0, 97.0)	(21.0, 272.0)	(22.0, 684.0)	(23.0, 1567.0)	(24.0, 1303.0)	(25.0, 541.0)	(26.0, 625.0)	(27.0, 782.0)	(28.0, 1198.0)	(29.0, 1584.0)	(30.0, 1933.0)	(31.0, 2626.0)	(32.0, 3286.0)	(33.0, 4040.0)	(34.0, 5310.0)	(35.0, 7249.0)	(36.0, 11379.0)	(37.0, 8617.0)	(38.0, 26.0)		
SRR8438112_2	(14.0, 9.0)	(15.0, 77.0)	(16.0, 415.0)	(17.0, 1050.0)	(18.0, 1332.0)	(19.0, 1305.0)	(20.0, 1291.0)	(21.0, 1357.0)	(22.0, 1346.0)	(23.0, 1542.0)	(24.0, 1905.0)	(25.0, 2451.0)	(26.0, 3087.0)	(27.0, 3639.0)	(28.0, 4230.0)	(29.0, 4700.0)	(30.0, 5126.0)	(31.0, 5156.0)	(32.0, 4946.0)	(33.0, 4384.0)	(34.0, 2818.0)	(35.0, 926.0)	(36.0, 76.0)		
SRR8438113	(28.0, 1.0)	(29.0, 3.0)	(30.0, 1.0)	(31.0, 2.0)	(32.0, 1.0)	(33.0, 2.0)	(34.0, 0.0)	(35.0, 1.0)	(36.0, 2.0)																
SRR8438113_1	(16.0, 2.0)	(17.0, 4.0)	(18.0, 9.0)	(19.0, 28.0)	(20.0, 81.0)	(21.0, 244.0)	(22.0, 517.0)	(23.0, 1050.0)	(24.0, 1329.0)	(25.0, 687.0)	(26.0, 785.0)	(27.0, 1096.0)	(28.0, 1506.0)	(29.0, 1871.0)	(30.0, 2437.0)	(31.0, 3253.0)	(32.0, 4070.0)	(33.0, 5104.0)	(34.0, 6495.0)	(35.0, 8872.0)	(36.0, 11883.0)	(37.0, 6945.0)	(38.0, 14.0)		
SRR8438113_2	(14.0, 9.0)	(15.0, 158.0)	(16.0, 625.0)	(17.0, 970.0)	(18.0, 1065.0)	(19.0, 1068.0)	(20.0, 1237.0)	(21.0, 1330.0)	(22.0, 1406.0)	(23.0, 1676.0)	(24.0, 2150.0)	(25.0, 2715.0)	(26.0, 3301.0)	(27.0, 4076.0)	(28.0, 4723.0)	(29.0, 5371.0)	(30.0, 5810.0)	(31.0, 6112.0)	(32.0, 5765.0)	(33.0, 4817.0)	(34.0, 2945.0)	(35.0, 890.0)	(36.0, 62.0)	(37.0, 1.0)	
SRR8438114	(27.0, 1.0)	(28.0, 1.0)	(29.0, 3.0)	(30.0, 2.0)	(31.0, 0.0)	(32.0, 1.0)	(33.0, 3.0)	(34.0, 0.0)	(35.0, 1.0)																
SRR8438114_1	(18.0, 5.0)	(19.0, 20.0)	(20.0, 54.0)	(21.0, 130.0)	(22.0, 265.0)	(23.0, 549.0)	(24.0, 711.0)	(25.0, 748.0)	(26.0, 1086.0)	(27.0, 1527.0)	(28.0, 2040.0)	(29.0, 2699.0)	(30.0, 3757.0)	(31.0, 4879.0)	(32.0, 6237.0)	(33.0, 8412.0)	(34.0, 10908.0)	(35.0, 15725.0)	(36.0, 23001.0)	(37.0, 11428.0)	(38.0, 34.0)				
SRR8438114_2	(14.0, 4.0)	(15.0, 83.0)	(16.0, 471.0)	(17.0, 756.0)	(18.0, 751.0)	(19.0, 771.0)	(20.0, 877.0)	(21.0, 1127.0)	(22.0, 1337.0)	(23.0, 1805.0)	(24.0, 2408.0)	(25.0, 3107.0)	(26.0, 4091.0)	(27.0, 5217.0)	(28.0, 6552.0)	(29.0, 8051.0)	(30.0, 9584.0)	(31.0, 11000.0)	(32.0, 11691.0)	(33.0, 11214.0)	(34.0, 9041.0)	(35.0, 3871.0)	(36.0, 404.0)	(37.0, 2.0)	
SRR8438115	(27.0, 1.0)	(28.0, 3.0)	(29.0, 1.0)	(30.0, 1.0)	(31.0, 0.0)	(32.0, 0.0)	(33.0, 1.0)	(34.0, 2.0)	(35.0, 0.0)	(36.0, 1.0)															
SRR8438115_1	(15.0, 2.0)	(16.0, 2.0)	(17.0, 6.0)	(18.0, 15.0)	(19.0, 26.0)	(20.0, 94.0)	(21.0, 182.0)	(22.0, 474.0)	(23.0, 631.0)	(24.0, 758.0)	(25.0, 1038.0)	(26.0, 1411.0)	(27.0, 1876.0)	(28.0, 2488.0)	(29.0, 2857.0)	(30.0, 3652.0)	(31.0, 4617.0)	(32.0, 5666.0)	(33.0, 6813.0)	(34.0, 8717.0)	(35.0, 11615.0)	(36.0, 15871.0)	(37.0, 10041.0)	(38.0, 16.0)	
SRR8438115_2	(14.0, 7.0)	(15.0, 28.0)	(16.0, 255.0)	(17.0, 965.0)	(18.0, 1242.0)	(19.0, 1098.0)	(20.0, 1225.0)	(21.0, 1485.0)	(22.0, 1938.0)	(23.0, 2670.0)	(24.0, 3431.0)	(25.0, 4228.0)	(26.0, 5229.0)	(27.0, 6145.0)	(28.0, 7174.0)	(29.0, 7790.0)	(30.0, 8044.0)	(31.0, 8024.0)	(32.0, 7260.0)	(33.0, 6183.0)	(34.0, 3459.0)	(35.0, 930.0)	(36.0, 58.0)		
SRR8438116	(28.0, 1.0)	(29.0, 0.0)	(30.0, 1.0)	(31.0, 0.0)	(32.0, 1.0)	(33.0, 1.0)																			
SRR8438116_1	(15.0, 2.0)	(16.0, 1.0)	(17.0, 4.0)	(18.0, 5.0)	(19.0, 41.0)	(20.0, 145.0)	(21.0, 492.0)	(22.0, 1033.0)	(23.0, 2051.0)	(24.0, 1820.0)	(25.0, 589.0)	(26.0, 644.0)	(27.0, 842.0)	(28.0, 1159.0)	(29.0, 1488.0)	(30.0, 2038.0)	(31.0, 2526.0)	(32.0, 3153.0)	(33.0, 4072.0)	(34.0, 5323.0)	(35.0, 7572.0)	(36.0, 12180.0)	(37.0, 8213.0)	(38.0, 7.0)	
SRR8438116_2	(14.0, 10.0)	(15.0, 89.0)	(16.0, 448.0)	(17.0, 998.0)	(18.0, 1331.0)	(19.0, 1411.0)	(20.0, 1443.0)	(21.0, 1485.0)	(22.0, 1167.0)	(23.0, 1215.0)	(24.0, 1570.0)	(25.0, 2114.0)	(26.0, 2654.0)	(27.0, 3210.0)	(28.0, 3946.0)	(29.0, 4709.0)	(30.0, 5376.0)	(31.0, 5829.0)	(32.0, 5894.0)	(33.0, 5307.0)	(34.0, 3779.0)	(35.0, 1310.0)	(36.0, 105.0)		
SRR8438117	(26.0, 1.0)	(27.0, 0.0)	(28.0, 0.0)	(29.0, 0.0)	(30.0, 0.0)	(31.0, 1.0)	(32.0, 0.0)	(33.0, 0.0)	(34.0, 0.0)	(35.0, 0.0)	(36.0, 1.0)														
SRR8438117_1	(15.0, 1.0)	(16.0, 3.0)	(17.0, 4.0)	(18.0, 18.0)	(19.0, 65.0)	(20.0, 208.0)	(21.0, 563.0)	(22.0, 1181.0)	(23.0, 1655.0)	(24.0, 1402.0)	(25.0, 405.0)	(26.0, 377.0)	(27.0, 491.0)	(28.0, 720.0)	(29.0, 828.0)	(30.0, 1142.0)	(31.0, 1472.0)	(32.0, 1774.0)	(33.0, 2179.0)	(34.0, 2768.0)	(35.0, 3737.0)	(36.0, 5350.0)	(37.0, 3493.0)	(38.0, 1.0)	
SRR8438117_2	(13.0, 1.0)	(14.0, 7.0)	(15.0, 151.0)	(16.0, 561.0)	(17.0, 1140.0)	(18.0, 1283.0)	(19.0, 1142.0)	(20.0, 1044.0)	(21.0, 901.0)	(22.0, 669.0)	(23.0, 687.0)	(24.0, 895.0)	(25.0, 1223.0)	(26.0, 1485.0)	(27.0, 1827.0)	(28.0, 2273.0)	(29.0, 2480.0)	(30.0, 2588.0)	(31.0, 2793.0)	(32.0, 2658.0)	(33.0, 2237.0)	(34.0, 1383.0)	(35.0, 390.0)	(36.0, 19.0)	
SRR8438118	(31.0, 1.0)	(32.0, 3.0)	(33.0, 1.0)	(34.0, 1.0)	(35.0, 1.0)																				
SRR8438118_1	(17.0, 1.0)	(18.0, 3.0)	(19.0, 20.0)	(20.0, 75.0)	(21.0, 186.0)	(22.0, 317.0)	(23.0, 207.0)	(24.0, 152.0)	(25.0, 148.0)	(26.0, 184.0)	(27.0, 311.0)	(28.0, 395.0)	(29.0, 470.0)	(30.0, 594.0)	(31.0, 773.0)	(32.0, 987.0)	(33.0, 1324.0)	(34.0, 1736.0)	(35.0, 2247.0)	(36.0, 3192.0)	(37.0, 2224.0)	(38.0, 1.0)			
SRR8438118_2	(15.0, 12.0)	(16.0, 75.0)	(17.0, 212.0)	(18.0, 287.0)	(19.0, 268.0)	(20.0, 209.0)	(21.0, 167.0)	(22.0, 177.0)	(23.0, 225.0)	(24.0, 258.0)	(25.0, 388.0)	(26.0, 433.0)	(27.0, 531.0)	(28.0, 725.0)	(29.0, 861.0)	(30.0, 1122.0)	(31.0, 1315.0)	(32.0, 1502.0)	(33.0, 1635.0)	(34.0, 1755.0)	(35.0, 1784.0)	(36.0, 1326.0)	(37.0, 280.0)		
SRR8438119	(32.0, 1.0)	(33.0, 2.0)	(34.0, 2.0)	(35.0, 3.0)	(36.0, 1.0)	(37.0, 3.0)																			
SRR8438119_1	(19.0, 2.0)	(20.0, 3.0)	(21.0, 11.0)	(22.0, 38.0)	(23.0, 41.0)	(24.0, 48.0)	(25.0, 74.0)	(26.0, 126.0)	(27.0, 187.0)	(28.0, 263.0)	(29.0, 408.0)	(30.0, 555.0)	(31.0, 819.0)	(32.0, 1100.0)	(33.0, 1472.0)	(34.0, 1881.0)	(35.0, 2690.0)	(36.0, 4549.0)	(37.0, 13988.0)	(38.0, 1032.0)					
SRR8438119_2	(15.0, 1.0)	(16.0, 7.0)	(17.0, 38.0)	(18.0, 109.0)	(19.0, 85.0)	(20.0, 110.0)	(21.0, 107.0)	(22.0, 101.0)	(23.0, 120.0)	(24.0, 152.0)	(25.0, 209.0)	(26.0, 283.0)	(27.0, 404.0)	(28.0, 599.0)	(29.0, 784.0)	(30.0, 977.0)	(31.0, 1394.0)	(32.0, 1846.0)	(33.0, 2467.0)	(34.0, 3339.0)	(35.0, 4672.0)	(36.0, 6116.0)	(37.0, 5298.0)	(38.0, 69.0)	
SRR8438120	(28.0, 2.0)	(29.0, 0.0)	(30.0, 2.0)	(31.0, 0.0)	(32.0, 0.0)	(33.0, 0.0)	(34.0, 3.0)	(35.0, 2.0)	(36.0, 1.0)																
SRR8438120_1	(18.0, 2.0)	(19.0, 0.0)	(20.0, 3.0)	(21.0, 6.0)	(22.0, 19.0)	(23.0, 36.0)	(24.0, 51.0)	(25.0, 101.0)	(26.0, 127.0)	(27.0, 204.0)	(28.0, 305.0)	(29.0, 434.0)	(30.0, 550.0)	(31.0, 806.0)	(32.0, 1091.0)	(33.0, 1428.0)	(34.0, 1895.0)	(35.0, 2698.0)	(36.0, 4667.0)	(37.0, 12957.0)	(38.0, 1066.0)				
SRR8438120_2	(15.0, 1.0)	(16.0, 0.0)	(17.0, 22.0)	(18.0, 73.0)	(19.0, 94.0)	(20.0, 56.0)	(21.0, 62.0)	(22.0, 88.0)	(23.0, 127.0)	(24.0, 159.0)	(25.0, 215.0)	(26.0, 290.0)	(27.0, 432.0)	(28.0, 534.0)	(29.0, 723.0)	(30.0, 973.0)	(31.0, 1277.0)	(32.0, 1720.0)	(33.0, 2274.0)	(34.0, 3296.0)	(35.0, 4282.0)	(36.0, 6034.0)	(37.0, 5636.0)	(38.0, 78.0)	
SRR8438121	(27.0, 1.0)	(28.0, 2.0)	(29.0, 1.0)	(30.0, 0.0)	(31.0, 4.0)	(32.0, 2.0)	(33.0, 5.0)	(34.0, 7.0)	(35.0, 4.0)	(36.0, 4.0)	(37.0, 7.0)	(38.0, 1.0)													
SRR8438121_1	(19.0, 2.0)	(20.0, 4.0)	(21.0, 13.0)	(22.0, 38.0)	(23.0, 103.0)	(24.0, 145.0)	(25.0, 225.0)	(26.0, 360.0)	(27.0, 568.0)	(28.0, 849.0)	(29.0, 1265.0)	(30.0, 1685.0)	(31.0, 2437.0)	(32.0, 3439.0)	(33.0, 4445.0)	(34.0, 6142.0)	(35.0, 8639.0)	(36.0, 14828.0)	(37.0, 44701.0)	(38.0, 3181.0)					
SRR8438121_2	(15.0, 1.0)	(16.0, 9.0)	(17.0, 73.0)	(18.0, 178.0)	(19.0, 195.0)	(20.0, 206.0)	(21.0, 210.0)	(22.0, 267.0)	(23.0, 315.0)	(24.0, 449.0)	(25.0, 606.0)	(26.0, 846.0)	(27.0, 1191.0)	(28.0, 1662.0)	(29.0, 2352.0)	(30.0, 3045.0)	(31.0, 4167.0)	(32.0, 5620.0)	(33.0, 7554.0)	(34.0, 10611.0)	(35.0, 14953.0)	(36.0, 20375.0)	(37.0, 17949.0)	(38.0, 235.0)	
SRR8438122	(29.0, 1.0)	(30.0, 1.0)	(31.0, 2.0)	(32.0, 2.0)	(33.0, 2.0)	(34.0, 2.0)	(35.0, 1.0)	(36.0, 2.0)	(37.0, 1.0)																
SRR8438122_1	(18.0, 1.0)	(19.0, 2.0)	(20.0, 5.0)	(21.0, 16.0)	(22.0, 54.0)	(23.0, 73.0)	(24.0, 48.0)	(25.0, 61.0)	(26.0, 72.0)	(27.0, 142.0)	(28.0, 185.0)	(29.0, 264.0)	(30.0, 398.0)	(31.0, 539.0)	(32.0, 648.0)	(33.0, 935.0)	(34.0, 1187.0)	(35.0, 1810.0)	(36.0, 3184.0)	(37.0, 9920.0)	(38.0, 740.0)				
SRR8438122_2	(16.0, 6.0)	(17.0, 43.0)	(18.0, 106.0)	(19.0, 101.0)	(20.0, 95.0)	(21.0, 87.0)	(22.0, 93.0)	(23.0, 111.0)	(24.0, 138.0)	(25.0, 190.0)	(26.0, 253.0)	(27.0, 352.0)	(28.0, 457.0)	(29.0, 600.0)	(30.0, 797.0)	(31.0, 1111.0)	(32.0, 1414.0)	(33.0, 1813.0)	(34.0, 2454.0)	(35.0, 3279.0)	(36.0, 4020.0)	(37.0, 2736.0)	(38.0, 28.0)		
SRR8438123	(26.0, 1.0)	(27.0, 1.0)	(28.0, 1.0)	(29.0, 3.0)	(30.0, 5.0)	(31.0, 6.0)	(32.0, 3.0)	(33.0, 9.0)	(34.0, 5.0)	(35.0, 6.0)	(36.0, 3.0)	(37.0, 1.0)													
SRR8438123_1	(17.0, 1.0)	(18.0, 14.0)	(19.0, 32.0)	(20.0, 96.0)	(21.0, 200.0)	(22.0, 326.0)	(23.0, 532.0)	(24.0, 809.0)	(25.0, 1148.0)	(26.0, 1531.0)	(27.0, 2184.0)	(28.0, 2895.0)	(29.0, 3906.0)	(30.0, 5312.0)	(31.0, 6912.0)	(32.0, 8864.0)	(33.0, 10927.0)	(34.0, 14019.0)	(35.0, 18285.0)	(36.0, 23498.0)	(37.0, 9250.0)	(38.0, 22.0)			
SRR8438123_2	(15.0, 13.0)	(16.0, 165.0)	(17.0, 648.0)	(18.0, 937.0)	(19.0, 918.0)	(20.0, 834.0)	(21.0, 905.0)	(22.0, 1158.0)	(23.0, 1444.0)	(24.0, 1885.0)	(25.0, 2533.0)	(26.0, 3298.0)	(27.0, 4095.0)	(28.0, 5337.0)	(29.0, 6778.0)	(30.0, 8228.0)	(31.0, 10138.0)	(32.0, 11430.0)	(33.0, 12774.0)	(34.0, 13479.0)	(35.0, 13016.0)	(36.0, 9278.0)	(37.0, 1472.0)		
SRR8438124	(21.0, 1.0)	(22.0, 0.0)	(23.0, 0.0)	(24.0, 0.0)	(25.0, 0.0)	(26.0, 1.0)	(27.0, 0.0)	(28.0, 2.0)	(29.0, 0.0)	(30.0, 2.0)	(31.0, 2.0)	(32.0, 2.0)	(33.0, 2.0)	(34.0, 4.0)	(35.0, 0.0)	(36.0, 1.0)	(37.0, 1.0)								
SRR8438124_1	(16.0, 1.0)	(17.0, 6.0)	(18.0, 31.0)	(19.0, 154.0)	(20.0, 404.0)	(21.0, 672.0)	(22.0, 756.0)	(23.0, 610.0)	(24.0, 663.0)	(25.0, 853.0)	(26.0, 1255.0)	(27.0, 1649.0)	(28.0, 2215.0)	(29.0, 2977.0)	(30.0, 4152.0)	(31.0, 5286.0)	(32.0, 7018.0)	(33.0, 9251.0)	(34.0, 12046.0)	(35.0, 16524.0)	(36.0, 21533.0)	(37.0, 8411.0)	(38.0, 11.0)		
SRR8438124_2	(14.0, 2.0)	(15.0, 38.0)	(16.0, 364.0)	(17.0, 958.0)	(18.0, 1136.0)	(19.0, 904.0)	(20.0, 683.0)	(21.0, 706.0)	(22.0, 745.0)	(23.0, 1050.0)	(24.0, 1408.0)	(25.0, 1914.0)	(26.0, 2486.0)	(27.0, 3279.0)	(28.0, 4193.0)	(29.0, 5414.0)	(30.0, 6675.0)	(31.0, 8240.0)	(32.0, 9787.0)	(33.0, 11239.0)	(34.0, 12501.0)	(35.0, 12444.0)	(36.0, 8886.0)	(37.0, 1426.0)	
SRR8438125	(24.0, 1.0)	(25.0, 2.0)	(26.0, 4.0)	(27.0, 1.0)	(28.0, 4.0)	(29.0, 11.0)	(30.0, 8.0)	(31.0, 4.0)	(32.0, 7.0)	(33.0, 7.0)	(34.0, 9.0)	(35.0, 8.0)	(36.0, 3.0)	(37.0, 1.0)											
SRR8438125_1	(16.0, 2.0)	(17.0, 6.0)	(18.0, 11.0)	(19.0, 71.0)	(20.0, 215.0)	(21.0, 455.0)	(22.0, 894.0)	(23.0, 1515.0)	(24.0, 2319.0)	(25.0, 3356.0)	(26.0, 4912.0)	(27.0, 6729.0)	(28.0, 9107.0)	(29.0, 12710.0)	(30.0, 17032.0)	(31.0, 22835.0)	(32.0, 30185.0)	(33.0, 39844.0)	(34.0, 53130.0)	(35.0, 74877.0)	(36.0, 96339.0)	(37.0, 34654.0)	(38.0, 55.0)		
SRR8438125_2	(15.0, 29.0)	(16.0, 374.0)	(17.0, 1515.0)	(18.0, 2085.0)	(19.0, 1941.0)	(20.0, 1998.0)	(21.0, 2255.0)	(22.0, 2905.0)	(23.0, 3932.0)	(24.0, 5282.0)	(25.0, 7232.0)	(26.0, 9613.0)	(27.0, 12947.0)	(28.0, 16761.0)	(29.0, 21601.0)	(30.0, 27838.0)	(31.0, 34172.0)	(32.0, 41524.0)	(33.0, 49328.0)	(34.0, 56291.0)	(35.0, 58604.0)	(36.0, 45008.0)	(37.0, 8018.0)		
SRR8438126	(25.0, 1.0)	(26.0, 0.0)	(27.0, 0.0)	(28.0, 1.0)	(29.0, 1.0)	(30.0, 2.0)	(31.0, 2.0)	(32.0, 2.0)	(33.0, 4.0)	(34.0, 4.0)	(35.0, 1.0)	(36.0, 1.0)	(37.0, 1.0)												
SRR8438126_1	(16.0, 1.0)	(17.0, 0.0)	(18.0, 6.0)	(19.0, 7.0)	(20.0, 31.0)	(21.0, 64.0)	(22.0, 123.0)	(23.0, 235.0)	(24.0, 353.0)	(25.0, 563.0)	(26.0, 813.0)	(27.0, 1148.0)	(28.0, 1681.0)	(29.0, 2140.0)	(30.0, 2794.0)	(31.0, 3746.0)	(32.0, 4682.0)	(33.0, 5939.0)	(34.0, 7468.0)	(35.0, 10554.0)	(36.0, 17319.0)	(37.0, 19906.0)	(38.0, 373.0)		
SRR8438126_2	(14.0, 2.0)	(15.0, 15.0)	(16.0, 193.0)	(17.0, 529.0)	(18.0, 538.0)	(19.0, 511.0)	(20.0, 557.0)	(21.0, 795.0)	(22.0, 1010.0)	(23.0, 1307.0)	(24.0, 1877.0)	(25.0, 2359.0)	(26.0, 3120.0)	(27.0, 3840.0)	(28.0, 4853.0)	(29.0, 6001.0)	(30.0, 7096.0)	(31.0, 8595.0)	(32.0, 9565.0)	(33.0, 10255.0)	(34.0, 9458.0)	(35.0, 5983.0)	(36.0, 1450.0)	(37.0, 37.0)	
SRR8438127	(27.0, 2.0)	(28.0, 0.0)	(29.0, 1.0)	(30.0, 1.0)	(31.0, 2.0)	(32.0, 3.0)	(33.0, 3.0)	(34.0, 1.0)	(35.0, 1.0)	(36.0, 2.0)															
SRR8438127_1	(19.0, 7.0)	(20.0, 23.0)	(21.0, 61.0)	(22.0, 100.0)	(23.0, 197.0)	(24.0, 342.0)	(25.0, 547.0)	(26.0, 770.0)	(27.0, 1170.0)	(28.0, 1566.0)	(29.0, 2082.0)	(30.0, 2766.0)	(31.0, 3651.0)	(32.0, 4603.0)	(33.0, 5928.0)	(34.0, 7933.0)	(35.0, 10986.0)	(36.0, 18344.0)	(37.0, 24433.0)	(38.0, 488.0)					
SRR8438127_2	(14.0, 2.0)	(15.0, 13.0)	(16.0, 111.0)	(17.0, 432.0)	(18.0, 542.0)	(19.0, 500.0)	(20.0, 520.0)	(21.0, 628.0)	(22.0, 827.0)	(23.0, 1102.0)	(24.0, 1535.0)	(25.0, 1952.0)	(26.0, 2646.0)	(27.0, 3336.0)	(28.0, 4430.0)	(29.0, 5531.0)	(30.0, 6930.0)	(31.0, 8318.0)	(32.0, 10307.0)	(33.0, 11753.0)	(34.0, 11898.0)	(35.0, 9233.0)	(36.0, 3313.0)	(37.0, 138.0)	
SRR8438128_1	(21.0, 1.0)	(22.0, 5.0)	(23.0, 1.0)	(24.0, 2.0)	(25.0, 2.0)	(26.0, 0.0)	(27.0, 1.0)	(28.0, 3.0)	(29.0, 2.0)	(30.0, 3.0)	(31.0, 7.0)	(32.0, 10.0)	(33.0, 8.0)	(34.0, 11.0)	(35.0, 23.0)	(36.0, 49.0)	(37.0, 185.0)	(38.0, 46.0)							
SRR8438128_2	(17.0, 4.0)	(18.0, 2.0)	(19.0, 4.0)	(20.0, 3.0)	(21.0, 1.0)	(22.0, 2.0)	(23.0, 0.0)	(24.0, 0.0)	(25.0, 3.0)	(26.0, 2.0)	(27.0, 13.0)	(28.0, 15.0)	(29.0, 13.0)	(30.0, 14.0)	(31.0, 24.0)	(32.0, 31.0)	(33.0, 34.0)	(34.0, 45.0)	(35.0, 47.0)	(36.0, 71.0)	(37.0, 30.0)	(38.0, 1.0)			
SRR8438129	(25.0, 1.0)	(26.0, 0.0)	(27.0, 1.0)	(28.0, 0.0)	(29.0, 1.0)																				
SRR8438129_1	(17.0, 1.0)	(18.0, 5.0)	(19.0, 31.0)	(20.0, 103.0)	(21.0, 233.0)	(22.0, 413.0)	(23.0, 367.0)	(24.0, 421.0)	(25.0, 353.0)	(26.0, 610.0)	(27.0, 831.0)	(28.0, 718.0)	(29.0, 565.0)	(30.0, 740.0)	(31.0, 1074.0)	(32.0, 1522.0)	(33.0, 1939.0)	(34.0, 2701.0)	(35.0, 3963.0)	(36.0, 4452.0)	(37.0, 1774.0)	(38.0, 10.0)			
SRR8438129_2	(15.0, 9.0)	(16.0, 124.0)	(17.0, 340.0)	(18.0, 491.0)	(19.0, 647.0)	(20.0, 868.0)	(21.0, 826.0)	(22.0, 967.0)	(23.0, 1003.0)	(24.0, 1146.0)	(25.0, 1165.0)	(26.0, 1140.0)	(27.0, 1243.0)	(28.0, 1377.0)	(29.0, 1477.0)	(30.0, 1719.0)	(31.0, 1880.0)	(32.0, 1760.0)	(33.0, 1552.0)	(34.0, 1274.0)	(35.0, 1007.0)	(36.0, 711.0)	(37.0, 100.0)		
SRR8438130	(18.0, 1.0)	(19.0, 0.0)	(20.0, 0.0)	(21.0, 0.0)	(22.0, 0.0)	(23.0, 0.0)	(24.0, 0.0)	(25.0, 0.0)	(26.0, 0.0)	(27.0, 1.0)	(28.0, 1.0)	(29.0, 2.0)	(30.0, 2.0)	(31.0, 1.0)	(32.0, 3.0)	(33.0, 1.0)	(34.0, 3.0)	(35.0, 2.0)							
SRR8438130_1	(18.0, 12.0)	(19.0, 41.0)	(20.0, 93.0)	(21.0, 197.0)	(22.0, 416.0)	(23.0, 610.0)	(24.0, 787.0)	(25.0, 991.0)	(26.0, 1237.0)	(27.0, 1672.0)	(28.0, 2108.0)	(29.0, 2769.0)	(30.0, 3566.0)	(31.0, 4628.0)	(32.0, 5948.0)	(33.0, 7651.0)	(34.0, 10606.0)	(35.0, 15047.0)	(36.0, 23592.0)	(37.0, 14048.0)	(38.0, 169.0)				
SRR8438130_2	(14.0, 3.0)	(15.0, 9.0)	(16.0, 94.0)	(17.0, 306.0)	(18.0, 442.0)	(19.0, 421.0)	(20.0, 450.0)	(21.0, 640.0)	(22.0, 1041.0)	(23.0, 1614.0)	(24.0, 2504.0)	(25.0, 3740.0)	(26.0, 4803.0)	(27.0, 5888.0)	(28.0, 7140.0)	(29.0, 8215.0)	(30.0, 9530.0)	(31.0, 10323.0)	(32.0, 10587.0)	(33.0, 10147.0)	(34.0, 8730.0)	(35.0, 5975.0)	(36.0, 3155.0)	(37.0, 431.0)	
SRR8438131	(27.0, 2.0)	(28.0, 1.0)	(29.0, 0.0)	(30.0, 0.0)	(31.0, 1.0)	(32.0, 1.0)	(33.0, 0.0)	(34.0, 3.0)	(35.0, 0.0)	(36.0, 1.0)															
SRR8438131_1	(17.0, 1.0)	(18.0, 0.0)	(19.0, 14.0)	(20.0, 27.0)	(21.0, 79.0)	(22.0, 148.0)	(23.0, 199.0)	(24.0, 166.0)	(25.0, 240.0)	(26.0, 317.0)	(27.0, 479.0)	(28.0, 724.0)	(29.0, 945.0)	(30.0, 1350.0)	(31.0, 1889.0)	(32.0, 2693.0)	(33.0, 3787.0)	(34.0, 5191.0)	(35.0, 7856.0)	(36.0, 13613.0)	(37.0, 6937.0)	(38.0, 7.0)			
SRR8438131_2	(14.0, 2.0)	(15.0, 18.0)	(16.0, 141.0)	(17.0, 330.0)	(18.0, 386.0)	(19.0, 334.0)	(20.0, 354.0)	(21.0, 337.0)	(22.0, 419.0)	(23.0, 565.0)	(24.0, 734.0)	(25.0, 882.0)	(26.0, 1220.0)	(27.0, 1573.0)	(28.0, 2164.0)	(29.0, 2655.0)	(30.0, 3422.0)	(31.0, 4109.0)	(32.0, 4820.0)	(33.0, 5539.0)	(34.0, 6073.0)	(35.0, 5824.0)	(36.0, 4301.0)	(37.0, 459.0)	(38.0, 1.0)
SRR8438132	(26.0, 3.0)	(27.0, 4.0)	(28.0, 1.0)	(29.0, 2.0)	(30.0, 2.0)	(31.0, 0.0)	(32.0, 3.0)	(33.0, 2.0)	(34.0, 4.0)	(35.0, 2.0)	(36.0, 2.0)														
SRR8438132_1	(18.0, 7.0)	(19.0, 24.0)	(20.0, 65.0)	(21.0, 126.0)	(22.0, 258.0)	(23.0, 311.0)	(24.0, 385.0)	(25.0, 491.0)	(26.0, 739.0)	(27.0, 1077.0)	(28.0, 1546.0)	(29.0, 2128.0)	(30.0, 2993.0)	(31.0, 4342.0)	(32.0, 5996.0)	(33.0, 8393.0)	(34.0, 11822.0)	(35.0, 17268.0)	(36.0, 30394.0)	(37.0, 15094.0)	(38.0, 7.0)				
SRR8438132_2	(14.0, 2.0)	(15.0, 34.0)	(16.0, 303.0)	(17.0, 686.0)	(18.0, 692.0)	(19.0, 676.0)	(20.0, 668.0)	(21.0, 733.0)	(22.0, 834.0)	(23.0, 1014.0)	(24.0, 1413.0)	(25.0, 1836.0)	(26.0, 2390.0)	(27.0, 3302.0)	(28.0, 4232.0)	(29.0, 5563.0)	(30.0, 6947.0)	(31.0, 8634.0)	(32.0, 10565.0)	(33.0, 12401.0)	(34.0, 13873.0)	(35.0, 14387.0)	(36.0, 10875.0)	(37.0, 1406.0)	
SRR8438133	(30.0, 1.0)	(31.0, 0.0)	(32.0, 0.0)	(33.0, 0.0)	(34.0, 2.0)	(35.0, 1.0)																			
SRR8438133_1	(15.0, 1.0)	(16.0, 0.0)	(17.0, 1.0)	(18.0, 1.0)	(19.0, 0.0)	(20.0, 8.0)	(21.0, 27.0)	(22.0, 41.0)	(23.0, 104.0)	(24.0, 139.0)	(25.0, 212.0)	(26.0, 308.0)	(27.0, 392.0)	(28.0, 552.0)	(29.0, 763.0)	(30.0, 1068.0)	(31.0, 1325.0)	(32.0, 1686.0)	(33.0, 2062.0)	(34.0, 2653.0)	(35.0, 3625.0)	(36.0, 6071.0)	(37.0, 7919.0)	(38.0, 129.0)	
SRR8438133_2	(14.0, 1.0)	(15.0, 5.0)	(16.0, 48.0)	(17.0, 234.0)	(18.0, 282.0)	(19.0, 245.0)	(20.0, 277.0)	(21.0, 348.0)	(22.0, 460.0)	(23.0, 546.0)	(24.0, 685.0)	(25.0, 947.0)	(26.0, 1219.0)	(27.0, 1534.0)	(28.0, 1860.0)	(29.0, 2233.0)	(30.0, 2560.0)	(31.0, 3008.0)	(32.0, 3348.0)	(33.0, 3450.0)	(34.0, 3130.0)	(35.0, 2085.0)	(36.0, 570.0)	(37.0, 12.0)	
SRR8438134	(17.0, 1.0)	(18.0, 0.0)	(19.0, 0.0)	(20.0, 0.0)	(21.0, 0.0)	(22.0, 0.0)	(23.0, 0.0)	(24.0, 0.0)	(25.0, 0.0)	(26.0, 0.0)	(27.0, 0.0)	(28.0, 0.0)	(29.0, 0.0)	(30.0, 1.0)	(31.0, 1.0)	(32.0, 0.0)	(33.0, 0.0)	(34.0, 0.0)	(35.0, 0.0)	(36.0, 1.0)					
SRR8438134_1	(17.0, 2.0)	(18.0, 7.0)	(19.0, 55.0)	(20.0, 148.0)	(21.0, 384.0)	(22.0, 665.0)	(23.0, 580.0)	(24.0, 310.0)	(25.0, 184.0)	(26.0, 186.0)	(27.0, 246.0)	(28.0, 314.0)	(29.0, 378.0)	(30.0, 451.0)	(31.0, 609.0)	(32.0, 779.0)	(33.0, 1042.0)	(34.0, 1376.0)	(35.0, 2076.0)	(36.0, 3130.0)	(37.0, 1917.0)	(38.0, 7.0)			
SRR8438134_2	(14.0, 1.0)	(15.0, 35.0)	(16.0, 242.0)	(17.0, 575.0)	(18.0, 588.0)	(19.0, 447.0)	(20.0, 356.0)	(21.0, 242.0)	(22.0, 214.0)	(23.0, 204.0)	(24.0, 254.0)	(25.0, 305.0)	(26.0, 399.0)	(27.0, 467.0)	(28.0, 572.0)	(29.0, 701.0)	(30.0, 898.0)	(31.0, 1089.0)	(32.0, 1312.0)	(33.0, 1438.0)	(34.0, 1580.0)	(35.0, 1555.0)	(36.0, 1154.0)	(37.0, 218.0)	
SRR8438135	(28.0, 1.0)	(29.0, 0.0)	(30.0, 1.0)	(31.0, 0.0)	(32.0, 0.0)	(33.0, 2.0)	(34.0, 0.0)	(35.0, 2.0)																	
SRR8438135_1	(16.0, 1.0)	(17.0, 8.0)	(18.0, 19.0)	(19.0, 73.0)	(20.0, 154.0)	(21.0, 375.0)	(22.0, 538.0)	(23.0, 412.0)	(24.0, 277.0)	(25.0, 222.0)	(26.0, 171.0)	(27.0, 181.0)	(28.0, 296.0)	(29.0, 350.0)	(30.0, 400.0)	(31.0, 576.0)	(32.0, 654.0)	(33.0, 844.0)	(34.0, 1055.0)	(35.0, 1452.0)	(36.0, 2023.0)	(37.0, 1218.0)	(38.0, 8.0)		
SRR8438135_2	(14.0, 2.0)	(15.0, 17.0)	(16.0, 147.0)	(17.0, 379.0)	(18.0, 509.0)	(19.0, 385.0)	(20.0, 226.0)	(21.0, 103.0)	(22.0, 89.0)	(23.0, 128.0)	(24.0, 174.0)	(25.0, 231.0)	(26.0, 322.0)	(27.0, 404.0)	(28.0, 503.0)	(29.0, 685.0)	(30.0, 800.0)	(31.0, 919.0)	(32.0, 1032.0)	(33.0, 1156.0)	(34.0, 1163.0)	(35.0, 1054.0)	(36.0, 722.0)	(37.0, 157.0)	
SRR8438136	(29.0, 1.0)	(30.0, 0.0)	(31.0, 1.0)																						
SRR8438136_1	(18.0, 11.0)	(19.0, 49.0)	(20.0, 189.0)	(21.0, 471.0)	(22.0, 781.0)	(23.0, 672.0)	(24.0, 456.0)	(25.0, 311.0)	(26.0, 304.0)	(27.0, 353.0)	(28.0, 348.0)	(29.0, 331.0)	(30.0, 403.0)	(31.0, 562.0)	(32.0, 749.0)	(33.0, 1107.0)	(34.0, 1470.0)	(35.0, 1959.0)	(36.0, 2712.0)	(37.0, 1697.0)	(38.0, 1.0)				
SRR8438136_2	(14.0, 1.0)	(15.0, 24.0)	(16.0, 195.0)	(17.0, 523.0)	(18.0, 759.0)	(19.0, 718.0)	(20.0, 512.0)	(21.0, 425.0)	(22.0, 345.0)	(23.0, 291.0)	(24.0, 320.0)	(25.0, 358.0)	(26.0, 435.0)	(27.0, 468.0)	(28.0, 647.0)	(29.0, 723.0)	(30.0, 981.0)	(31.0, 984.0)	(32.0, 1154.0)	(33.0, 1330.0)	(34.0, 1385.0)	(35.0, 1310.0)	(36.0, 908.0)	(37.0, 140.0)	
SRR8438137	(25.0, 1.0)	(26.0, 0.0)	(27.0, 0.0)	(28.0, 0.0)	(29.0, 0.0)	(30.0, 0.0)	(31.0, 1.0)	(32.0, 1.0)	(33.0, 3.0)	(34.0, 1.0)	(35.0, 0.0)	(36.0, 1.0)													
SRR8438137_1	(16.0, 1.0)	(17.0, 2.0)	(18.0, 6.0)	(19.0, 30.0)	(20.0, 154.0)	(21.0, 337.0)	(22.0, 540.0)	(23.0, 369.0)	(24.0, 230.0)	(25.0, 234.0)	(26.0, 273.0)	(27.0, 367.0)	(28.0, 500.0)	(29.0, 672.0)	(30.0, 916.0)	(31.0, 1129.0)	(32.0, 1523.0)	(33.0, 1934.0)	(34.0, 2552.0)	(35.0, 3541.0)	(36.0, 5193.0)	(37.0, 3141.0)	(38.0, 8.0)		
SRR8438137_2	(15.0, 13.0)	(16.0, 121.0)	(17.0, 370.0)	(18.0, 489.0)	(19.0, 420.0)	(20.0, 287.0)	(21.0, 284.0)	(22.0, 356.0)	(23.0, 438.0)	(24.0, 645.0)	(25.0, 827.0)	(26.0, 1035.0)	(27.0, 1308.0)	(28.0, 1662.0)	(29.0, 1926.0)	(30.0, 2190.0)	(31.0, 2292.0)	(32.0, 2415.0)	(33.0, 2244.0)	(34.0, 2028.0)	(35.0, 1463.0)	(36.0, 727.0)	(37.0, 112.0)		
SRR8438138	(23.0, 2.0)	(24.0, 0.0)	(25.0, 1.0)	(26.0, 3.0)	(27.0, 1.0)	(28.0, 1.0)	(29.0, 2.0)	(30.0, 3.0)	(31.0, 3.0)	(32.0, 3.0)	(33.0, 4.0)	(34.0, 1.0)	(35.0, 4.0)	(36.0, 1.0)											
SRR8438138_1	(16.0, 1.0)	(17.0, 0.0)	(18.0, 4.0)	(19.0, 28.0)	(20.0, 60.0)	(21.0, 124.0)	(22.0, 189.0)	(23.0, 246.0)	(24.0, 318.0)	(25.0, 465.0)	(26.0, 658.0)	(27.0, 960.0)	(28.0, 1301.0)	(29.0, 1922.0)	(30.0, 2547.0)	(31.0, 3526.0)	(32.0, 4823.0)	(33.0, 6034.0)	(34.0, 8210.0)	(35.0, 11737.0)	(36.0, 19226.0)	(37.0, 9865.0)	(38.0, 5.0)		
SRR8438138_2	(15.0, 11.0)	(16.0, 149.0)	(17.0, 505.0)	(18.0, 612.0)	(19.0, 590.0)	(20.0, 606.0)	(21.0, 695.0)	(22.0, 765.0)	(23.0, 984.0)	(24.0, 1216.0)	(25.0, 1648.0)	(26.0, 2180.0)	(27.0, 2775.0)	(28.0, 3525.0)	(29.0, 4372.0)	(30.0, 5419.0)	(31.0, 6518.0)	(32.0, 7377.0)	(33.0, 8105.0)	(34.0, 8932.0)	(35.0, 8689.0)	(36.0, 5923.0)	(37.0, 653.0)		
SRR8438139	(27.0, 1.0)	(28.0, 0.0)	(29.0, 2.0)	(30.0, 1.0)	(31.0, 3.0)	(32.0, 3.0)	(33.0, 2.0)	(34.0, 3.0)	(35.0, 2.0)	(36.0, 2.0)	(37.0, 2.0)														
SRR8438139_1	(19.0, 1.0)	(20.0, 2.0)	(21.0, 10.0)	(22.0, 50.0)	(23.0, 49.0)	(24.0, 40.0)	(25.0, 72.0)	(26.0, 51.0)	(27.0, 103.0)	(28.0, 180.0)	(29.0, 221.0)	(30.0, 339.0)	(31.0, 478.0)	(32.0, 678.0)	(33.0, 949.0)	(34.0, 1366.0)	(35.0, 2172.0)	(36.0, 4260.0)	(37.0, 17735.0)	(38.0, 990.0)					
SRR8438139_2	(16.0, 6.0)	(17.0, 29.0)	(18.0, 69.0)	(19.0, 63.0)	(20.0, 63.0)	(21.0, 95.0)	(22.0, 88.0)	(23.0, 122.0)	(24.0, 178.0)	(25.0, 241.0)	(26.0, 332.0)	(27.0, 486.0)	(28.0, 748.0)	(29.0, 949.0)	(30.0, 1312.0)	(31.0, 1720.0)	(32.0, 2232.0)	(33.0, 2965.0)	(34.0, 4002.0)	(35.0, 5203.0)	(36.0, 5836.0)	(37.0, 2991.0)	(38.0, 16.0)		
SRR8438140	(27.0, 2.0)	(28.0, 1.0)	(29.0, 1.0)	(30.0, 2.0)	(31.0, 2.0)	(32.0, 4.0)	(33.0, 3.0)	(34.0, 4.0)	(35.0, 4.0)	(36.0, 5.0)	(37.0, 5.0)	(38.0, 1.0)													
SRR8438140_1	(18.0, 1.0)	(19.0, 6.0)	(20.0, 3.0)	(21.0, 4.0)	(22.0, 32.0)	(23.0, 30.0)	(24.0, 34.0)	(25.0, 56.0)	(26.0, 59.0)	(27.0, 94.0)	(28.0, 153.0)	(29.0, 240.0)	(30.0, 361.0)	(31.0, 520.0)	(32.0, 713.0)	(33.0, 1009.0)	(34.0, 1554.0)	(35.0, 2317.0)	(36.0, 4324.0)	(37.0, 20415.0)	(38.0, 373.0)				
SRR8438140_2	(15.0, 1.0)	(16.0, 12.0)	(17.0, 61.0)	(18.0, 87.0)	(19.0, 101.0)	(20.0, 76.0)	(21.0, 91.0)	(22.0, 113.0)	(23.0, 170.0)	(24.0, 203.0)	(25.0, 261.0)	(26.0, 426.0)	(27.0, 576.0)	(28.0, 788.0)	(29.0, 998.0)	(30.0, 1298.0)	(31.0, 1662.0)	(32.0, 2280.0)	(33.0, 2972.0)	(34.0, 3855.0)	(35.0, 5014.0)	(36.0, 6600.0)	(37.0, 4631.0)	(38.0, 22.0)	
SRR8438141	(21.0, 1.0)	(22.0, 0.0)	(23.0, 0.0)	(24.0, 0.0)	(25.0, 0.0)	(26.0, 2.0)	(27.0, 0.0)	(28.0, 1.0)	(29.0, 0.0)	(30.0, 5.0)	(31.0, 1.0)	(32.0, 3.0)	(33.0, 2.0)	(34.0, 4.0)	(35.0, 2.0)	(36.0, 3.0)									
SRR8438141_1	(17.0, 2.0)	(18.0, 11.0)	(19.0, 21.0)	(20.0, 68.0)	(21.0, 144.0)	(22.0, 252.0)	(23.0, 482.0)	(24.0, 816.0)	(25.0, 1207.0)	(26.0, 1838.0)	(27.0, 2451.0)	(28.0, 3465.0)	(29.0, 4490.0)	(30.0, 5953.0)	(31.0, 7861.0)	(32.0, 10177.0)	(33.0, 12842.0)	(34.0, 16595.0)	(35.0, 22293.0)	(36.0, 25576.0)	(37.0, 7528.0)	(38.0, 2.0)			
SRR8438141_2	(13.0, 1.0)	(14.0, 7.0)	(15.0, 40.0)	(16.0, 290.0)	(17.0, 1019.0)	(18.0, 1378.0)	(19.0, 1207.0)	(20.0, 1213.0)	(21.0, 1526.0)	(22.0, 1997.0)	(23.0, 2730.0)	(24.0, 3562.0)	(25.0, 4649.0)	(26.0, 5756.0)	(27.0, 7103.0)	(28.0, 8556.0)	(29.0, 10041.0)	(30.0, 11937.0)	(31.0, 13060.0)	(32.0, 14042.0)	(33.0, 13693.0)	(34.0, 12165.0)	(35.0, 7012.0)	(36.0, 1088.0)	(37.0, 2.0)
SRR8438142	(29.0, 1.0)	(30.0, 0.0)	(31.0, 1.0)	(32.0, 2.0)	(33.0, 1.0)	(34.0, 1.0)	(35.0, 1.0)																		
SRR8438142_1	(21.0, 11.0)	(22.0, 24.0)	(23.0, 26.0)	(24.0, 24.0)	(25.0, 48.0)	(26.0, 64.0)	(27.0, 112.0)	(28.0, 158.0)	(29.0, 214.0)	(30.0, 315.0)	(31.0, 446.0)	(32.0, 673.0)	(33.0, 944.0)	(34.0, 1304.0)	(35.0, 2003.0)	(36.0, 3981.0)	(37.0, 15703.0)	(38.0, 924.0)							
SRR8438142_2	(16.0, 5.0)	(17.0, 25.0)	(18.0, 58.0)	(19.0, 60.0)	(20.0, 79.0)	(21.0, 62.0)	(22.0, 84.0)	(23.0, 112.0)	(24.0, 185.0)	(25.0, 270.0)	(26.0, 375.0)	(27.0, 547.0)	(28.0, 740.0)	(29.0, 1015.0)	(30.0, 1335.0)	(31.0, 1674.0)	(32.0, 2237.0)	(33.0, 2982.0)	(34.0, 3669.0)	(35.0, 4556.0)	(36.0, 4808.0)	(37.0, 2090.0)	(38.0, 6.0)		
SRR8438143	(31.0, 2.0)	(32.0, 1.0)	(33.0, 3.0)	(34.0, 1.0)	(35.0, 0.0)	(36.0, 1.0)																			
SRR8438143_1	(20.0, 2.0)	(21.0, 11.0)	(22.0, 34.0)	(23.0, 54.0)	(24.0, 62.0)	(25.0, 44.0)	(26.0, 69.0)	(27.0, 130.0)	(28.0, 155.0)	(29.0, 222.0)	(30.0, 353.0)	(31.0, 454.0)	(32.0, 656.0)	(33.0, 920.0)	(34.0, 1312.0)	(35.0, 2037.0)	(36.0, 3943.0)	(37.0, 15404.0)	(38.0, 1364.0)						
SRR8438143_2	(14.0, 1.0)	(15.0, 0.0)	(16.0, 6.0)	(17.0, 32.0)	(18.0, 59.0)	(19.0, 70.0)	(20.0, 63.0)	(21.0, 79.0)	(22.0, 97.0)	(23.0, 115.0)	(24.0, 156.0)	(25.0, 204.0)	(26.0, 317.0)	(27.0, 451.0)	(28.0, 624.0)	(29.0, 863.0)	(30.0, 1200.0)	(31.0, 1628.0)	(32.0, 2213.0)	(33.0, 2995.0)	(34.0, 3810.0)	(35.0, 4867.0)	(36.0, 5171.0)	(37.0, 2193.0)	(38.0, 12.0)
SRR8438144	(26.0, 1.0)	(27.0, 0.0)	(28.0, 0.0)	(29.0, 0.0)	(30.0, 0.0)	(31.0, 0.0)	(32.0, 4.0)	(33.0, 3.0)	(34.0, 3.0)	(35.0, 5.0)	(36.0, 1.0)	(37.0, 2.0)													
SRR8438144_1	(18.0, 1.0)	(19.0, 2.0)	(20.0, 3.0)	(21.0, 15.0)	(22.0, 54.0)	(23.0, 72.0)	(24.0, 74.0)	(25.0, 86.0)	(26.0, 124.0)	(27.0, 145.0)	(28.0, 224.0)	(29.0, 285.0)	(30.0, 425.0)	(31.0, 580.0)	(32.0, 781.0)	(33.0, 1051.0)	(34.0, 1426.0)	(35.0, 2212.0)	(36.0, 4231.0)	(37.0, 14757.0)	(38.0, 1681.0)				
SRR8438144_2	(16.0, 9.0)	(17.0, 39.0)	(18.0, 62.0)	(19.0, 96.0)	(20.0, 82.0)	(21.0, 87.0)	(22.0, 100.0)	(23.0, 135.0)	(24.0, 191.0)	(25.0, 276.0)	(26.0, 404.0)	(27.0, 537.0)	(28.0, 778.0)	(29.0, 1056.0)	(30.0, 1360.0)	(31.0, 1789.0)	(32.0, 2419.0)	(33.0, 3197.0)	(34.0, 4120.0)	(35.0, 4768.0)	(36.0, 4869.0)	(37.0, 1837.0)	(38.0, 18.0)		
SRR8438145	(25.0, 1.0)	(26.0, 0.0)	(27.0, 4.0)	(28.0, 2.0)	(29.0, 2.0)	(30.0, 2.0)	(31.0, 1.0)	(32.0, 2.0)	(33.0, 1.0)	(34.0, 3.0)	(35.0, 0.0)	(36.0, 3.0)													
SRR8438145_1	(16.0, 1.0)	(17.0, 0.0)	(18.0, 5.0)	(19.0, 19.0)	(20.0, 57.0)	(21.0, 104.0)	(22.0, 193.0)	(23.0, 401.0)	(24.0, 588.0)	(25.0, 717.0)	(26.0, 1080.0)	(27.0, 1476.0)	(28.0, 2142.0)	(29.0, 2823.0)	(30.0, 4070.0)	(31.0, 5371.0)	(32.0, 6953.0)	(33.0, 9016.0)	(34.0, 11948.0)	(35.0, 17000.0)	(36.0, 26555.0)	(37.0, 11678.0)	(38.0, 5.0)		
SRR8438145_2	(14.0, 11.0)	(15.0, 105.0)	(16.0, 531.0)	(17.0, 757.0)	(18.0, 740.0)	(19.0, 769.0)	(20.0, 855.0)	(21.0, 1103.0)	(22.0, 1388.0)	(23.0, 1845.0)	(24.0, 2453.0)	(25.0, 3257.0)	(26.0, 4179.0)	(27.0, 5443.0)	(28.0, 6900.0)	(29.0, 8121.0)	(30.0, 9890.0)	(31.0, 11516.0)	(32.0, 12571.0)	(33.0, 12843.0)	(34.0, 10938.0)	(35.0, 5346.0)	(36.0, 640.0)	(37.0, 1.0)	
SRR8438146	(28.0, 1.0)	(29.0, 1.0)	(30.0, 0.0)	(31.0, 2.0)	(32.0, 3.0)	(33.0, 4.0)	(34.0, 1.0)	(35.0, 1.0)																	
SRR8438146_1	(18.0, 4.0)	(19.0, 20.0)	(20.0, 29.0)	(21.0, 70.0)	(22.0, 158.0)	(23.0, 294.0)	(24.0, 404.0)	(25.0, 536.0)	(26.0, 788.0)	(27.0, 1191.0)	(28.0, 1628.0)	(29.0, 2290.0)	(30.0, 3208.0)	(31.0, 4424.0)	(32.0, 5907.0)	(33.0, 7936.0)	(34.0, 10493.0)	(35.0, 15359.0)	(36.0, 25353.0)	(37.0, 12287.0)	(38.0, 15.0)				
SRR8438146_2	(14.0, 5.0)	(15.0, 70.0)	(16.0, 412.0)	(17.0, 720.0)	(18.0, 652.0)	(19.0, 687.0)	(20.0, 837.0)	(21.0, 965.0)	(22.0, 1372.0)	(23.0, 1773.0)	(24.0, 2341.0)	(25.0, 3152.0)	(26.0, 4142.0)	(27.0, 5186.0)	(28.0, 6463.0)	(29.0, 7861.0)	(30.0, 9173.0)	(31.0, 10521.0)	(32.0, 11393.0)	(33.0, 11131.0)	(34.0, 8938.0)	(35.0, 4165.0)	(36.0, 433.0)	(37.0, 2.0)	
SRR8438147	(25.0, 2.0)	(26.0, 0.0)	(27.0, 0.0)	(28.0, 0.0)	(29.0, 0.0)	(30.0, 0.0)	(31.0, 0.0)	(32.0, 0.0)	(33.0, 2.0)																
SRR8438147_1	(16.0, 2.0)	(17.0, 6.0)	(18.0, 3.0)	(19.0, 24.0)	(20.0, 92.0)	(21.0, 259.0)	(22.0, 603.0)	(23.0, 1001.0)	(24.0, 1021.0)	(25.0, 462.0)	(26.0, 462.0)	(27.0, 615.0)	(28.0, 922.0)	(29.0, 1263.0)	(30.0, 1912.0)	(31.0, 2527.0)	(32.0, 3535.0)	(33.0, 4704.0)	(34.0, 6444.0)	(35.0, 9530.0)	(36.0, 15742.0)	(37.0, 12989.0)			
SRR8438147_2	(14.0, 6.0)	(15.0, 58.0)	(16.0, 441.0)	(17.0, 880.0)	(18.0, 1001.0)	(19.0, 1040.0)	(20.0, 1084.0)	(21.0, 1213.0)	(22.0, 1222.0)	(23.0, 1483.0)	(24.0, 1887.0)	(25.0, 2447.0)	(26.0, 3057.0)	(27.0, 3878.0)	(28.0, 4699.0)	(29.0, 5456.0)	(30.0, 6334.0)	(31.0, 6953.0)	(32.0, 7189.0)	(33.0, 6874.0)	(34.0, 4964.0)	(35.0, 1841.0)	(36.0, 111.0)		
SRR8438148	(25.0, 1.0)	(26.0, 0.0)	(27.0, 1.0)	(28.0, 0.0)	(29.0, 1.0)	(30.0, 1.0)	(31.0, 0.0)	(32.0, 0.0)	(33.0, 2.0)																
SRR8438148_1	(17.0, 2.0)	(18.0, 3.0)	(19.0, 5.0)	(20.0, 24.0)	(21.0, 65.0)	(22.0, 105.0)	(23.0, 224.0)	(24.0, 297.0)	(25.0, 345.0)	(26.0, 551.0)	(27.0, 789.0)	(28.0, 1168.0)	(29.0, 1681.0)	(30.0, 2390.0)	(31.0, 3455.0)	(32.0, 4788.0)	(33.0, 6489.0)	(34.0, 9075.0)	(35.0, 13511.0)	(36.0, 24176.0)	(37.0, 20477.0)	(38.0, 2.0)			
SRR8438148_2	(14.0, 1.0)	(15.0, 19.0)	(16.0, 219.0)	(17.0, 623.0)	(18.0, 618.0)	(19.0, 650.0)	(20.0, 815.0)	(21.0, 1094.0)	(22.0, 1458.0)	(23.0, 2114.0)	(24.0, 2683.0)	(25.0, 3706.0)	(26.0, 4418.0)	(27.0, 5612.0)	(28.0, 6817.0)	(29.0, 8168.0)	(30.0, 9331.0)	(31.0, 10334.0)	(32.0, 10895.0)	(33.0, 10151.0)	(34.0, 7352.0)	(35.0, 2393.0)	(36.0, 151.0)		
SRR8438149	(22.0, 1.0)	(23.0, 0.0)	(24.0, 0.0)	(25.0, 1.0)	(26.0, 0.0)	(27.0, 1.0)	(28.0, 1.0)	(29.0, 3.0)	(30.0, 1.0)	(31.0, 1.0)	(32.0, 0.0)	(33.0, 0.0)	(34.0, 1.0)	(35.0, 1.0)	(36.0, 1.0)										
SRR8438149_1	(18.0, 3.0)	(19.0, 10.0)	(20.0, 13.0)	(21.0, 54.0)	(22.0, 87.0)	(23.0, 129.0)	(24.0, 238.0)	(25.0, 352.0)	(26.0, 500.0)	(27.0, 764.0)	(28.0, 1113.0)	(29.0, 1548.0)	(30.0, 2227.0)	(31.0, 3194.0)	(32.0, 4408.0)	(33.0, 6315.0)	(34.0, 8985.0)	(35.0, 13859.0)	(36.0, 24601.0)	(37.0, 12136.0)	(38.0, 4.0)				
SRR8438149_2	(15.0, 5.0)	(16.0, 71.0)	(17.0, 310.0)	(18.0, 509.0)	(19.0, 508.0)	(20.0, 437.0)	(21.0, 498.0)	(22.0, 656.0)	(23.0, 840.0)	(24.0, 1207.0)	(25.0, 1587.0)	(26.0, 2103.0)	(27.0, 2709.0)	(28.0, 3595.0)	(29.0, 4593.0)	(30.0, 5734.0)	(31.0, 7078.0)	(32.0, 8338.0)	(33.0, 9759.0)	(34.0, 10698.0)	(35.0, 10951.0)	(36.0, 7551.0)	(37.0, 803.0)		
SRR8438150	(21.0, 1.0)	(22.0, 1.0)	(23.0, 1.0)	(24.0, 1.0)	(25.0, 0.0)	(26.0, 0.0)	(27.0, 3.0)	(28.0, 2.0)	(29.0, 1.0)	(30.0, 1.0)	(31.0, 1.0)	(32.0, 2.0)	(33.0, 2.0)	(34.0, 1.0)	(35.0, 1.0)										
SRR8438150_1	(17.0, 1.0)	(18.0, 2.0)	(19.0, 3.0)	(20.0, 22.0)	(21.0, 61.0)	(22.0, 95.0)	(23.0, 126.0)	(24.0, 207.0)	(25.0, 298.0)	(26.0, 423.0)	(27.0, 701.0)	(28.0, 924.0)	(29.0, 1339.0)	(30.0, 1875.0)	(31.0, 2673.0)	(32.0, 3664.0)	(33.0, 5020.0)	(34.0, 6935.0)	(35.0, 9978.0)	(36.0, 17627.0)	(37.0, 9376.0)	(38.0, 14.0)			
SRR8438150_2	(14.0, 2.0)	(15.0, 8.0)	(16.0, 83.0)	(17.0, 310.0)	(18.0, 409.0)	(19.0, 360.0)	(20.0, 402.0)	(21.0, 391.0)	(22.0, 543.0)	(23.0, 749.0)	(24.0, 922.0)	(25.0, 1323.0)	(26.0, 1683.0)	(27.0, 2215.0)	(28.0, 2887.0)	(29.0, 3696.0)	(30.0, 4481.0)	(31.0, 5583.0)	(32.0, 6685.0)	(33.0, 7315.0)	(34.0, 7737.0)	(35.0, 7727.0)	(36.0, 5270.0)	(37.0, 583.0)	
SRR8438151	(30.0, 3.0)	(31.0, 2.0)	(32.0, 2.0)	(33.0, 0.0)	(34.0, 1.0)	(35.0, 2.0)																			
SRR8438151_1	(18.0, 5.0)	(19.0, 27.0)	(20.0, 66.0)	(21.0, 180.0)	(22.0, 147.0)	(23.0, 119.0)	(24.0, 138.0)	(25.0, 155.0)	(26.0, 256.0)	(27.0, 329.0)	(28.0, 428.0)	(29.0, 633.0)	(30.0, 844.0)	(31.0, 1164.0)	(32.0, 1512.0)	(33.0, 2062.0)	(34.0, 2673.0)	(35.0, 3649.0)	(36.0, 5987.0)	(37.0, 3255.0)	(38.0, 3.0)				
SRR8438151_2	(14.0, 1.0)	(15.0, 15.0)	(16.0, 156.0)	(17.0, 304.0)	(18.0, 337.0)	(19.0, 294.0)	(20.0, 262.0)	(21.0, 247.0)	(22.0, 260.0)	(23.0, 316.0)	(24.0, 425.0)	(25.0, 560.0)	(26.0, 730.0)	(27.0, 982.0)	(28.0, 1166.0)	(29.0, 1534.0)	(30.0, 1817.0)	(31.0, 2115.0)	(32.0, 2405.0)	(33.0, 2623.0)	(34.0, 2710.0)	(35.0, 2509.0)	(36.0, 1678.0)	(37.0, 186.0)	
SRR8438152	(22.0, 1.0)	(23.0, 0.0)	(24.0, 0.0)	(25.0, 0.0)	(26.0, 0.0)	(27.0, 0.0)	(28.0, 0.0)	(29.0, 0.0)	(30.0, 0.0)	(31.0, 1.0)	(32.0, 1.0)														
SRR8438152_1	(16.0, 1.0)	(17.0, 1.0)	(18.0, 3.0)	(19.0, 13.0)	(20.0, 48.0)	(21.0, 116.0)	(22.0, 206.0)	(23.0, 206.0)	(24.0, 175.0)	(25.0, 172.0)	(26.0, 106.0)	(27.0, 149.0)	(28.0, 206.0)	(29.0, 245.0)	(30.0, 348.0)	(31.0, 515.0)	(32.0, 628.0)	(33.0, 916.0)	(34.0, 1278.0)	(35.0, 1901.0)	(36.0, 3035.0)	(37.0, 1625.0)	(38.0, 11.0)		
SRR8438152_2	(14.0, 1.0)	(15.0, 4.0)	(16.0, 67.0)	(17.0, 211.0)	(18.0, 309.0)	(19.0, 296.0)	(20.0, 215.0)	(21.0, 198.0)	(22.0, 172.0)	(23.0, 198.0)	(24.0, 204.0)	(25.0, 342.0)	(26.0, 382.0)	(27.0, 505.0)	(28.0, 601.0)	(29.0, 753.0)	(30.0, 916.0)	(31.0, 1060.0)	(32.0, 1140.0)	(33.0, 1262.0)	(34.0, 1288.0)	(35.0, 1158.0)	(36.0, 575.0)	(37.0, 47.0)	
SRR8438153	(18.0, 1.0)	(19.0, 0.0)	(20.0, 0.0)	(21.0, 0.0)	(22.0, 0.0)	(23.0, 0.0)	(24.0, 0.0)	(25.0, 0.0)	(26.0, 0.0)	(27.0, 1.0)	(28.0, 0.0)	(29.0, 0.0)	(30.0, 0.0)	(31.0, 1.0)	(32.0, 0.0)	(33.0, 1.0)	(34.0, 1.0)								
SRR8438153_1	(18.0, 2.0)	(19.0, 15.0)	(20.0, 41.0)	(21.0, 145.0)	(22.0, 260.0)	(23.0, 268.0)	(24.0, 200.0)	(25.0, 205.0)	(26.0, 208.0)	(27.0, 303.0)	(28.0, 380.0)	(29.0, 509.0)	(30.0, 676.0)	(31.0, 850.0)	(32.0, 976.0)	(33.0, 1303.0)	(34.0, 1774.0)	(35.0, 2429.0)	(36.0, 3898.0)	(37.0, 1857.0)	(38.0, 16.0)				
SRR8438153_2	(15.0, 7.0)	(16.0, 44.0)	(17.0, 154.0)	(18.0, 221.0)	(19.0, 202.0)	(20.0, 154.0)	(21.0, 128.0)	(22.0, 160.0)	(23.0, 224.0)	(24.0, 336.0)	(25.0, 540.0)	(26.0, 636.0)	(27.0, 876.0)	(28.0, 1014.0)	(29.0, 1243.0)	(30.0, 1439.0)	(31.0, 1707.0)	(32.0, 1757.0)	(33.0, 1830.0)	(34.0, 1651.0)	(35.0, 1215.0)	(36.0, 665.0)	(37.0, 112.0)		
SRR8438154	(21.0, 1.0)	(22.0, 0.0)	(23.0, 0.0)	(24.0, 0.0)	(25.0, 0.0)	(26.0, 1.0)	(27.0, 1.0)	(28.0, 4.0)	(29.0, 6.0)	(30.0, 3.0)	(31.0, 4.0)	(32.0, 1.0)	(33.0, 5.0)	(34.0, 5.0)	(35.0, 6.0)	(36.0, 1.0)	(37.0, 1.0)								
SRR8438154_1	(17.0, 2.0)	(18.0, 4.0)	(19.0, 26.0)	(20.0, 60.0)	(21.0, 188.0)	(22.0, 363.0)	(23.0, 568.0)	(24.0, 849.0)	(25.0, 1337.0)	(26.0, 1923.0)	(27.0, 2766.0)	(28.0, 3885.0)	(29.0, 4868.0)	(30.0, 6773.0)	(31.0, 8938.0)	(32.0, 11840.0)	(33.0, 15979.0)	(34.0, 21993.0)	(35.0, 31407.0)	(36.0, 39891.0)	(37.0, 15778.0)	(38.0, 3.0)			
SRR8438154_2	(15.0, 3.0)	(16.0, 62.0)	(17.0, 286.0)	(18.0, 485.0)	(19.0, 478.0)	(20.0, 454.0)	(21.0, 560.0)	(22.0, 798.0)	(23.0, 1086.0)	(24.0, 1640.0)	(25.0, 2349.0)	(26.0, 3127.0)	(27.0, 4260.0)	(28.0, 5670.0)	(29.0, 7445.0)	(30.0, 9683.0)	(31.0, 12405.0)	(32.0, 15662.0)	(33.0, 19597.0)	(34.0, 23287.0)	(35.0, 27024.0)	(36.0, 25766.0)	(37.0, 7313.0)	(38.0, 1.0)	
SRR8438155	(17.0, 1.0)	(18.0, 1.0)	(19.0, 1.0)	(20.0, 5.0)	(21.0, 3.0)	(22.0, 5.0)	(23.0, 1.0)	(24.0, 0.0)	(25.0, 0.0)	(26.0, 1.0)	(27.0, 0.0)	(28.0, 0.0)	(29.0, 2.0)	(30.0, 3.0)	(31.0, 0.0)	(32.0, 0.0)	(33.0, 0.0)	(34.0, 1.0)	(35.0, 0.0)	(36.0, 0.0)	(37.0, 1.0)				
SRR8438155_1	(16.0, 1.0)	(17.0, 17.0)	(18.0, 258.0)	(19.0, 1449.0)	(20.0, 4744.0)	(21.0, 9261.0)	(22.0, 10154.0)	(23.0, 5698.0)	(24.0, 2105.0)	(25.0, 1170.0)	(26.0, 894.0)	(27.0, 1049.0)	(28.0, 1270.0)	(29.0, 1661.0)	(30.0, 2249.0)	(31.0, 3168.0)	(32.0, 4240.0)	(33.0, 5658.0)	(34.0, 8001.0)	(35.0, 11978.0)	(36.0, 19930.0)	(37.0, 12796.0)	(38.0, 59.0)		
SRR8438155_2	(14.0, 8.0)	(15.0, 211.0)	(16.0, 2267.0)	(17.0, 7008.0)	(18.0, 9408.0)	(19.0, 8052.0)	(20.0, 5420.0)	(21.0, 2493.0)	(22.0, 952.0)	(23.0, 933.0)	(24.0, 1248.0)	(25.0, 1763.0)	(26.0, 2304.0)	(27.0, 3031.0)	(28.0, 3956.0)	(29.0, 4988.0)	(30.0, 6066.0)	(31.0, 7248.0)	(32.0, 8230.0)	(33.0, 8997.0)	(34.0, 9088.0)	(35.0, 8179.0)	(36.0, 5235.0)	(37.0, 725.0)	
SRR8438156	(28.0, 4.0)	(29.0, 4.0)	(30.0, 0.0)	(31.0, 1.0)	(32.0, 2.0)	(33.0, 2.0)																			
SRR8438156_1	(18.0, 4.0)	(19.0, 31.0)	(20.0, 85.0)	(21.0, 171.0)	(22.0, 242.0)	(23.0, 242.0)	(24.0, 315.0)	(25.0, 457.0)	(26.0, 713.0)	(27.0, 1088.0)	(28.0, 1514.0)	(29.0, 2003.0)	(30.0, 2954.0)	(31.0, 4201.0)	(32.0, 5698.0)	(33.0, 7953.0)	(34.0, 11567.0)	(35.0, 17320.0)	(36.0, 29887.0)	(37.0, 15947.0)	(38.0, 7.0)				
SRR8438156_2	(15.0, 1.0)	(16.0, 86.0)	(17.0, 269.0)	(18.0, 343.0)	(19.0, 368.0)	(20.0, 372.0)	(21.0, 465.0)	(22.0, 637.0)	(23.0, 953.0)	(24.0, 1296.0)	(25.0, 1852.0)	(26.0, 2515.0)	(27.0, 3332.0)	(28.0, 4423.0)	(29.0, 5673.0)	(30.0, 7170.0)	(31.0, 9016.0)	(32.0, 10664.0)	(33.0, 12590.0)	(34.0, 13953.0)	(35.0, 15036.0)	(36.0, 10225.0)	(37.0, 1160.0)		
SRR8438157	(15.0, 3.0)	(16.0, 2.0)	(17.0, 9.0)	(18.0, 7.0)	(19.0, 7.0)	(20.0, 8.0)	(21.0, 9.0)	(22.0, 5.0)	(23.0, 6.0)	(24.0, 1.0)	(25.0, 0.0)	(26.0, 0.0)	(27.0, 0.0)	(28.0, 1.0)	(29.0, 2.0)	(30.0, 6.0)	(31.0, 0.0)	(32.0, 4.0)	(33.0, 3.0)	(34.0, 3.0)	(35.0, 1.0)	(36.0, 0.0)	(37.0, 1.0)		
SRR8438157_1	(15.0, 2.0)	(16.0, 18.0)	(17.0, 169.0)	(18.0, 1579.0)	(19.0, 7310.0)	(20.0, 19394.0)	(21.0, 30435.0)	(22.0, 27956.0)	(23.0, 11658.0)	(24.0, 2750.0)	(25.0, 1108.0)	(26.0, 645.0)	(27.0, 605.0)	(28.0, 727.0)	(29.0, 1009.0)	(30.0, 1371.0)	(31.0, 1778.0)	(32.0, 2211.0)	(33.0, 2839.0)	(34.0, 3677.0)	(35.0, 5225.0)	(36.0, 7510.0)	(37.0, 4044.0)	(38.0, 6.0)	
SRR8438157_2	(14.0, 32.0)	(15.0, 736.0)	(16.0, 9108.0)	(17.0, 25640.0)	(18.0, 30813.0)	(19.0, 21670.0)	(20.0, 10730.0)	(21.0, 3325.0)	(22.0, 695.0)	(23.0, 347.0)	(24.0, 442.0)	(25.0, 643.0)	(26.0, 809.0)	(27.0, 1161.0)	(28.0, 1472.0)	(29.0, 1846.0)	(30.0, 2319.0)	(31.0, 2811.0)	(32.0, 3300.0)	(33.0, 3748.0)	(34.0, 4135.0)	(35.0, 4261.0)	(36.0, 3326.0)	(37.0, 657.0)	
SRR8438158	(27.0, 1.0)	(28.0, 3.0)	(29.0, 4.0)	(30.0, 1.0)	(31.0, 6.0)	(32.0, 3.0)	(33.0, 0.0)	(34.0, 4.0)	(35.0, 2.0)	(36.0, 2.0)	(37.0, 2.0)														
SRR8438158_1	(16.0, 1.0)	(17.0, 3.0)	(18.0, 8.0)	(19.0, 34.0)	(20.0, 71.0)	(21.0, 165.0)	(22.0, 302.0)	(23.0, 406.0)	(24.0, 530.0)	(25.0, 802.0)	(26.0, 1097.0)	(27.0, 1662.0)	(28.0, 2034.0)	(29.0, 2588.0)	(30.0, 3557.0)	(31.0, 4834.0)	(32.0, 6183.0)	(33.0, 8295.0)	(34.0, 10862.0)	(35.0, 15502.0)	(36.0, 24777.0)	(37.0, 12351.0)	(38.0, 7.0)		
SRR8438158_2	(15.0, 13.0)	(16.0, 106.0)	(17.0, 390.0)	(18.0, 771.0)	(19.0, 740.0)	(20.0, 856.0)	(21.0, 1074.0)	(22.0, 1464.0)	(23.0, 1862.0)	(24.0, 2491.0)	(25.0, 3159.0)	(26.0, 3823.0)	(27.0, 4813.0)	(28.0, 5901.0)	(29.0, 7174.0)	(30.0, 8503.0)	(31.0, 9385.0)	(32.0, 10096.0)	(33.0, 10315.0)	(34.0, 10004.0)	(35.0, 8619.0)	(36.0, 4229.0)	(37.0, 283.0)		
