Sample	0	1	2	3	4	5	6	7	8	9	10	11	12	13	14	15	16	17	18	19	20	21	22	23	24	25	26	27	28	29	30	31	32	33	34	35	36	37	38	39	40	41	42	43	44	45	46	47
SRR8438042	(247, 1.0)	(248, 1.0)	(249, 0.0)	(250, 16.0)	(251, 9.0)																																											
SRR8438042_1	(238, 2.0)	(239, 0.0)	(240, 0.0)	(241, 1.0)	(242, 0.0)	(243, 1.0)	(244, 0.0)	(245, 0.0)	(246, 1.0)	(247, 27.0)	(248, 199.0)	(249, 2762.0)	(250, 51441.0)	(251, 10497.0)																																		
SRR8438042_2	(194, 1.0)	(196, 1.0)	(198, 0.0)	(200, 1.0)	(202, 0.0)	(204, 0.0)	(206, 1.0)	(208, 0.0)	(210, 2.0)	(212, 0.0)	(214, 1.0)	(216, 0.0)	(218, 1.0)	(220, 0.0)	(222, 0.0)	(224, 0.0)	(226, 1.0)	(228, 0.0)	(230, 0.0)	(232, 0.0)	(234, 1.0)	(236, 0.0)	(238, 1.0)	(240, 0.0)	(242, 0.0)	(244, 3.0)	(246, 26.0)	(248, 564.0)	(250, 64327.0)																			
SRR8438043	(251, 1.0)																																															
SRR8438043_1	(248, 8.0)	(249, 38.0)	(250, 4601.0)	(251, 208.0)																																												
SRR8438043_2	(249, 7.0)	(250, 6.0)	(251, 4842.0)																																													
SRR8438044	(249, 1.0)	(250, 19.0)	(251, 7.0)																																													
SRR8438044_1	(237, 1.0)	(238, 0.0)	(239, 0.0)	(240, 1.0)	(241, 0.0)	(242, 0.0)	(243, 3.0)	(244, 0.0)	(245, 3.0)	(246, 3.0)	(247, 21.0)	(248, 181.0)	(249, 2389.0)	(250, 96910.0)	(251, 11977.0)																																	
SRR8438044_2	(188, 1.0)	(190, 0.0)	(192, 0.0)	(194, 0.0)	(196, 2.0)	(198, 0.0)	(200, 0.0)	(202, 1.0)	(204, 1.0)	(206, 1.0)	(208, 1.0)	(210, 0.0)	(212, 1.0)	(214, 0.0)	(216, 1.0)	(218, 2.0)	(220, 1.0)	(222, 1.0)	(224, 0.0)	(226, 2.0)	(228, 1.0)	(230, 0.0)	(232, 0.0)	(234, 0.0)	(236, 2.0)	(238, 0.0)	(240, 2.0)	(242, 1.0)	(244, 6.0)	(246, 37.0)	(248, 522.0)	(250, 110903.0)																
SRR8438045	(251, 1.0)																																															
SRR8438045_1	(245, 1.0)	(246, 2.0)	(247, 8.0)	(248, 52.0)	(249, 2086.0)	(250, 12024.0)	(251, 12915.0)																																									
SRR8438045_2	(198, 1.0)	(200, 0.0)	(202, 0.0)	(204, 0.0)	(206, 0.0)	(208, 0.0)	(210, 0.0)	(212, 0.0)	(214, 0.0)	(216, 0.0)	(218, 0.0)	(220, 0.0)	(222, 0.0)	(224, 0.0)	(226, 0.0)	(228, 1.0)	(230, 0.0)	(232, 0.0)	(234, 0.0)	(236, 0.0)	(238, 0.0)	(240, 0.0)	(242, 0.0)	(244, 0.0)	(246, 5.0)	(248, 243.0)	(250, 26838.0)																					
SRR8438046	(250, 2.0)	(251, 2.0)																																														
SRR8438046_1	(242, 1.0)	(243, 0.0)	(244, 0.0)	(245, 1.0)	(246, 3.0)	(247, 49.0)	(248, 160.0)	(249, 1605.0)	(250, 7751.0)	(251, 17165.0)																																						
SRR8438046_2	(200, 1.0)	(202, 0.0)	(204, 0.0)	(206, 1.0)	(208, 0.0)	(210, 0.0)	(212, 0.0)	(214, 0.0)	(216, 0.0)	(218, 0.0)	(220, 0.0)	(222, 0.0)	(224, 0.0)	(226, 0.0)	(228, 0.0)	(230, 0.0)	(232, 0.0)	(234, 0.0)	(236, 0.0)	(238, 0.0)	(240, 0.0)	(242, 0.0)	(244, 3.0)	(246, 22.0)	(248, 719.0)	(250, 25989.0)																						
SRR8438047	(250, 2.0)	(251, 5.0)																																														
SRR8438047_1	(241, 1.0)	(242, 0.0)	(243, 0.0)	(244, 0.0)	(245, 0.0)	(246, 0.0)	(247, 1.0)	(248, 27.0)	(249, 398.0)	(250, 27389.0)	(251, 2376.0)																																					
SRR8438047_2	(208, 1.0)	(209, 0.0)	(210, 1.0)	(211, 0.0)	(212, 0.0)	(213, 0.0)	(214, 0.0)	(215, 0.0)	(216, 0.0)	(217, 0.0)	(218, 0.0)	(219, 0.0)	(220, 0.0)	(221, 0.0)	(222, 0.0)	(223, 0.0)	(224, 0.0)	(225, 0.0)	(226, 0.0)	(227, 0.0)	(228, 0.0)	(229, 0.0)	(230, 0.0)	(231, 0.0)	(232, 0.0)	(233, 0.0)	(234, 0.0)	(235, 0.0)	(236, 0.0)	(237, 0.0)	(238, 0.0)	(239, 0.0)	(240, 0.0)	(241, 1.0)	(242, 0.0)	(243, 0.0)	(244, 0.0)	(245, 0.0)	(246, 0.0)	(247, 2.0)	(248, 9.0)	(249, 67.0)	(250, 174.0)	(251, 29937.0)				
SRR8438048	(249, 2.0)	(250, 7.0)	(251, 6.0)																																													
SRR8438048_1	(237, 1.0)	(238, 0.0)	(239, 0.0)	(240, 0.0)	(241, 2.0)	(242, 0.0)	(243, 1.0)	(244, 0.0)	(245, 0.0)	(246, 1.0)	(247, 2.0)	(248, 77.0)	(249, 989.0)	(250, 83907.0)	(251, 2559.0)																																	
SRR8438048_2	(192, 1.0)	(194, 0.0)	(196, 1.0)	(198, 0.0)	(200, 0.0)	(202, 0.0)	(204, 0.0)	(206, 1.0)	(208, 1.0)	(210, 0.0)	(212, 1.0)	(214, 0.0)	(216, 0.0)	(218, 0.0)	(220, 0.0)	(222, 0.0)	(224, 1.0)	(226, 0.0)	(228, 0.0)	(230, 0.0)	(232, 0.0)	(234, 1.0)	(236, 1.0)	(238, 0.0)	(240, 2.0)	(242, 1.0)	(244, 0.0)	(246, 1.0)	(248, 94.0)	(250, 87433.0)																		
SRR8438049	(248, 1.0)	(249, 0.0)	(250, 15.0)	(251, 4.0)																																												
SRR8438049_1	(245, 1.0)	(246, 4.0)	(247, 7.0)	(248, 126.0)	(249, 1596.0)	(250, 110697.0)	(251, 12837.0)																																									
SRR8438049_2	(188, 1.0)	(190, 0.0)	(192, 1.0)	(194, 2.0)	(196, 0.0)	(198, 0.0)	(200, 1.0)	(202, 0.0)	(204, 0.0)	(206, 1.0)	(208, 1.0)	(210, 2.0)	(212, 0.0)	(214, 0.0)	(216, 0.0)	(218, 0.0)	(220, 1.0)	(222, 1.0)	(224, 0.0)	(226, 0.0)	(228, 1.0)	(230, 0.0)	(232, 0.0)	(234, 1.0)	(236, 0.0)	(238, 0.0)	(240, 0.0)	(242, 0.0)	(244, 1.0)	(246, 5.0)	(248, 238.0)	(250, 125011.0)																
SRR8438050	(249, 1.0)	(250, 12.0)	(251, 4.0)																																													
SRR8438050_1	(237, 1.0)	(238, 0.0)	(239, 0.0)	(240, 0.0)	(241, 0.0)	(242, 0.0)	(243, 0.0)	(244, 0.0)	(245, 1.0)	(246, 0.0)	(247, 3.0)	(248, 68.0)	(249, 495.0)	(250, 26531.0)	(251, 1791.0)																																	
SRR8438050_2	(188, 1.0)	(190, 0.0)	(192, 0.0)	(194, 1.0)	(196, 0.0)	(198, 0.0)	(200, 1.0)	(202, 0.0)	(204, 0.0)	(206, 0.0)	(208, 0.0)	(210, 1.0)	(212, 0.0)	(214, 0.0)	(216, 0.0)	(218, 0.0)	(220, 1.0)	(222, 0.0)	(224, 0.0)	(226, 0.0)	(228, 1.0)	(230, 0.0)	(232, 0.0)	(234, 0.0)	(236, 1.0)	(238, 0.0)	(240, 0.0)	(242, 0.0)	(244, 1.0)	(246, 4.0)	(248, 144.0)	(250, 28734.0)																
SRR8438051	(250, 13.0)	(251, 4.0)																																														
SRR8438051_1	(243, 1.0)	(244, 0.0)	(245, 0.0)	(246, 1.0)	(247, 4.0)	(248, 88.0)	(249, 1126.0)	(250, 91182.0)	(251, 2193.0)																																							
SRR8438051_2	(188, 1.0)	(190, 1.0)	(192, 0.0)	(194, 1.0)	(196, 0.0)	(198, 0.0)	(200, 2.0)	(202, 1.0)	(204, 0.0)	(206, 0.0)	(208, 0.0)	(210, 1.0)	(212, 0.0)	(214, 1.0)	(216, 1.0)	(218, 2.0)	(220, 0.0)	(222, 0.0)	(224, 1.0)	(226, 0.0)	(228, 1.0)	(230, 1.0)	(232, 0.0)	(234, 0.0)	(236, 1.0)	(238, 0.0)	(240, 0.0)	(242, 0.0)	(244, 0.0)	(246, 5.0)	(248, 95.0)	(250, 94480.0)																
SRR8438052	(247, 1.0)	(248, 1.0)	(249, 4.0)	(250, 57.0)	(251, 31.0)																																											
SRR8438052_1	(237, 3.0)	(238, 2.0)	(239, 3.0)	(240, 0.0)	(241, 0.0)	(242, 2.0)	(243, 1.0)	(244, 1.0)	(245, 2.0)	(246, 1.0)	(247, 12.0)	(248, 170.0)	(249, 2124.0)	(250, 120638.0)	(251, 19106.0)																																	
SRR8438052_2	(188, 1.0)	(190, 1.0)	(192, 5.0)	(194, 0.0)	(196, 6.0)	(198, 3.0)	(200, 4.0)	(202, 1.0)	(204, 4.0)	(206, 1.0)	(208, 0.0)	(210, 2.0)	(212, 3.0)	(214, 6.0)	(216, 5.0)	(218, 1.0)	(220, 0.0)	(222, 0.0)	(224, 3.0)	(226, 0.0)	(228, 6.0)	(230, 2.0)	(232, 0.0)	(234, 2.0)	(236, 3.0)	(238, 4.0)	(240, 0.0)	(242, 2.0)	(244, 1.0)	(246, 8.0)	(248, 469.0)	(250, 141522.0)																
SRR8438053	(250, 9.0)	(251, 3.0)																																														
SRR8438053_1	(245, 26.0)	(246, 1.0)	(247, 9.0)	(248, 147.0)	(249, 1763.0)	(250, 10171.0)	(251, 16267.0)																																									
SRR8438053_2	(192, 2.0)	(194, 0.0)	(196, 0.0)	(198, 0.0)	(200, 0.0)	(202, 3.0)	(204, 0.0)	(206, 1.0)	(208, 0.0)	(210, 0.0)	(212, 0.0)	(214, 0.0)	(216, 0.0)	(218, 0.0)	(220, 0.0)	(222, 0.0)	(224, 0.0)	(226, 0.0)	(228, 0.0)	(230, 0.0)	(232, 0.0)	(234, 0.0)	(236, 0.0)	(238, 0.0)	(240, 0.0)	(242, 0.0)	(244, 0.0)	(246, 6.0)	(248, 339.0)	(250, 28033.0)																		
SRR8438054	(248, 1.0)																																															
SRR8438054_1	(244, 1.0)	(245, 0.0)	(246, 0.0)	(247, 5.0)	(248, 26.0)	(249, 251.0)	(250, 1123.0)	(251, 1571.0)																																								
SRR8438054_2	(246, 2.0)	(247, 5.0)	(248, 30.0)	(249, 120.0)	(250, 133.0)	(251, 2687.0)																																										
SRR8438055	(250, 16.0)	(251, 9.0)																																														
SRR8438055_1	(238, 2.0)	(239, 0.0)	(240, 0.0)	(241, 0.0)	(242, 0.0)	(243, 0.0)	(244, 1.0)	(245, 1.0)	(246, 0.0)	(247, 7.0)	(248, 123.0)	(249, 1516.0)	(250, 106470.0)	(251, 15385.0)																																		
SRR8438055_2	(188, 1.0)	(190, 1.0)	(192, 2.0)	(194, 0.0)	(196, 0.0)	(198, 0.0)	(200, 2.0)	(202, 1.0)	(204, 0.0)	(206, 1.0)	(208, 1.0)	(210, 0.0)	(212, 1.0)	(214, 0.0)	(216, 0.0)	(218, 3.0)	(220, 1.0)	(222, 0.0)	(224, 0.0)	(226, 1.0)	(228, 2.0)	(230, 1.0)	(232, 1.0)	(234, 0.0)	(236, 0.0)	(238, 2.0)	(240, 0.0)	(242, 0.0)	(244, 1.0)	(246, 4.0)	(248, 213.0)	(250, 123266.0)																
SRR8438056	(248, 1.0)	(249, 0.0)	(250, 3.0)	(251, 1.0)																																												
SRR8438056_1	(237, 1.0)	(238, 0.0)	(239, 0.0)	(240, 0.0)	(241, 0.0)	(242, 0.0)	(243, 0.0)	(244, 0.0)	(245, 0.0)	(246, 1.0)	(247, 5.0)	(248, 64.0)	(249, 3407.0)	(250, 35342.0)	(251, 7984.0)																																	
SRR8438056_2	(235, 2.0)	(236, 0.0)	(237, 1.0)	(238, 0.0)	(239, 0.0)	(240, 0.0)	(241, 0.0)	(242, 0.0)	(243, 0.0)	(244, 0.0)	(245, 1.0)	(246, 1.0)	(247, 2.0)	(248, 57.0)	(249, 158.0)	(250, 515.0)	(251, 46067.0)																															
SRR8438057	(250, 15.0)	(251, 2.0)																																														
SRR8438057_1	(237, 1.0)	(238, 1.0)	(239, 1.0)	(240, 0.0)	(241, 0.0)	(242, 0.0)	(243, 0.0)	(244, 0.0)	(245, 0.0)	(246, 2.0)	(247, 9.0)	(248, 123.0)	(249, 1192.0)	(250, 73181.0)	(251, 11080.0)																																	
SRR8438057_2	(190, 1.0)	(192, 0.0)	(194, 0.0)	(196, 0.0)	(198, 1.0)	(200, 0.0)	(202, 0.0)	(204, 0.0)	(206, 2.0)	(208, 2.0)	(210, 0.0)	(212, 3.0)	(214, 1.0)	(216, 0.0)	(218, 0.0)	(220, 1.0)	(222, 1.0)	(224, 1.0)	(226, 0.0)	(228, 0.0)	(230, 0.0)	(232, 0.0)	(234, 2.0)	(236, 1.0)	(238, 2.0)	(240, 0.0)	(242, 0.0)	(244, 5.0)	(246, 13.0)	(248, 224.0)	(250, 85330.0)																	
SRR8438058	(249, 2.0)	(250, 2.0)	(251, 13.0)																																													
SRR8438058_1	(241, 2.0)	(242, 0.0)	(243, 0.0)	(244, 0.0)	(245, 3.0)	(246, 1.0)	(247, 10.0)	(248, 154.0)	(249, 6029.0)	(250, 31716.0)	(251, 42245.0)																																					
SRR8438058_2	(190, 1.0)	(192, 0.0)	(194, 0.0)	(196, 1.0)	(198, 0.0)	(200, 1.0)	(202, 0.0)	(204, 0.0)	(206, 0.0)	(208, 3.0)	(210, 1.0)	(212, 0.0)	(214, 0.0)	(216, 0.0)	(218, 0.0)	(220, 0.0)	(222, 0.0)	(224, 0.0)	(226, 0.0)	(228, 0.0)	(230, 1.0)	(232, 2.0)	(234, 0.0)	(236, 0.0)	(238, 0.0)	(240, 2.0)	(242, 0.0)	(244, 1.0)	(246, 1.0)	(248, 446.0)	(250, 79700.0)																	
SRR8438059	(250, 11.0)	(251, 4.0)																																														
SRR8438059_1	(243, 1.0)	(244, 0.0)	(245, 0.0)	(246, 2.0)	(247, 5.0)	(248, 233.0)	(249, 1859.0)	(250, 38862.0)	(251, 7072.0)																																							
SRR8438059_2	(192, 1.0)	(194, 0.0)	(196, 0.0)	(198, 0.0)	(200, 0.0)	(202, 0.0)	(204, 0.0)	(206, 0.0)	(208, 0.0)	(210, 0.0)	(212, 1.0)	(214, 0.0)	(216, 0.0)	(218, 0.0)	(220, 0.0)	(222, 0.0)	(224, 0.0)	(226, 0.0)	(228, 0.0)	(230, 0.0)	(232, 0.0)	(234, 0.0)	(236, 0.0)	(238, 0.0)	(240, 0.0)	(242, 0.0)	(244, 0.0)	(246, 6.0)	(248, 208.0)	(250, 47818.0)																		
SRR8438060	(249, 1.0)	(250, 0.0)	(251, 5.0)																																													
SRR8438060_1	(245, 1.0)	(246, 6.0)	(247, 30.0)	(248, 167.0)	(249, 970.0)	(250, 4999.0)	(251, 12346.0)																																									
SRR8438060_2	(196, 1.0)	(198, 0.0)	(200, 0.0)	(202, 0.0)	(204, 0.0)	(206, 0.0)	(208, 0.0)	(210, 1.0)	(212, 0.0)	(214, 0.0)	(216, 1.0)	(218, 1.0)	(220, 0.0)	(222, 0.0)	(224, 0.0)	(226, 0.0)	(228, 0.0)	(230, 0.0)	(232, 0.0)	(234, 0.0)	(236, 0.0)	(238, 0.0)	(240, 0.0)	(242, 0.0)	(244, 4.0)	(246, 23.0)	(248, 1010.0)	(250, 17478.0)																				
SRR8438061	(249, 1.0)	(250, 24.0)	(251, 7.0)																																													
SRR8438061_1	(240, 1.0)	(241, 0.0)	(242, 0.0)	(243, 1.0)	(244, 0.0)	(245, 1.0)	(246, 3.0)	(247, 11.0)	(248, 99.0)	(249, 1009.0)	(250, 60185.0)	(251, 9056.0)																																				
SRR8438061_2	(188, 1.0)	(190, 0.0)	(192, 0.0)	(194, 1.0)	(196, 0.0)	(198, 0.0)	(200, 0.0)	(202, 2.0)	(204, 0.0)	(206, 2.0)	(208, 1.0)	(210, 0.0)	(212, 1.0)	(214, 2.0)	(216, 1.0)	(218, 1.0)	(220, 1.0)	(222, 1.0)	(224, 0.0)	(226, 0.0)	(228, 0.0)	(230, 0.0)	(232, 1.0)	(234, 1.0)	(236, 0.0)	(238, 0.0)	(240, 1.0)	(242, 1.0)	(244, 2.0)	(246, 7.0)	(248, 159.0)	(250, 70180.0)																
SRR8438062	(250, 3.0)	(251, 1.0)																																														
SRR8438062_1	(241, 3.0)	(242, 0.0)	(243, 1.0)	(244, 3.0)	(245, 3.0)	(246, 7.0)	(247, 77.0)	(248, 656.0)	(249, 4269.0)	(250, 14452.0)	(251, 16883.0)																																					
SRR8438062_2	(241, 1.0)	(242, 0.0)	(243, 1.0)	(244, 2.0)	(245, 6.0)	(246, 3.0)	(247, 30.0)	(248, 145.0)	(249, 1192.0)	(250, 941.0)	(251, 34033.0)																																					
SRR8438063	(249, 2.0)	(250, 2.0)	(251, 10.0)																																													
SRR8438063_1	(243, 1.0)	(244, 0.0)	(245, 1.0)	(246, 0.0)	(247, 6.0)	(248, 62.0)	(249, 4092.0)	(250, 10203.0)	(251, 63002.0)																																							
SRR8438063_2	(204, 1.0)	(205, 0.0)	(206, 0.0)	(207, 0.0)	(208, 1.0)	(209, 0.0)	(210, 0.0)	(211, 0.0)	(212, 0.0)	(213, 0.0)	(214, 0.0)	(215, 0.0)	(216, 0.0)	(217, 0.0)	(218, 0.0)	(219, 0.0)	(220, 0.0)	(221, 0.0)	(222, 0.0)	(223, 0.0)	(224, 0.0)	(225, 0.0)	(226, 0.0)	(227, 0.0)	(228, 1.0)	(229, 0.0)	(230, 0.0)	(231, 0.0)	(232, 0.0)	(233, 0.0)	(234, 0.0)	(235, 0.0)	(236, 0.0)	(237, 0.0)	(238, 0.0)	(239, 0.0)	(240, 0.0)	(241, 0.0)	(242, 0.0)	(243, 0.0)	(244, 0.0)	(245, 0.0)	(246, 0.0)	(247, 1.0)	(248, 5.0)	(249, 298.0)	(250, 96.0)	(251, 76964.0)
SRR8438064	(251, 4.0)																																															
SRR8438064_1	(238, 1.0)	(239, 0.0)	(240, 0.0)	(241, 0.0)	(242, 0.0)	(243, 0.0)	(244, 2.0)	(245, 5.0)	(246, 13.0)	(247, 69.0)	(248, 402.0)	(249, 2414.0)	(250, 21621.0)	(251, 32377.0)																																		
SRR8438064_2	(202, 1.0)	(204, 0.0)	(206, 0.0)	(208, 1.0)	(210, 0.0)	(212, 0.0)	(214, 0.0)	(216, 0.0)	(218, 0.0)	(220, 0.0)	(222, 0.0)	(224, 0.0)	(226, 0.0)	(228, 0.0)	(230, 0.0)	(232, 0.0)	(234, 0.0)	(236, 0.0)	(238, 0.0)	(240, 1.0)	(242, 0.0)	(244, 13.0)	(246, 28.0)	(248, 1243.0)	(250, 55617.0)																							
SRR8438065	(248, 1.0)	(249, 2.0)	(250, 3.0)	(251, 7.0)																																												
SRR8438065_1	(238, 2.0)	(239, 1.0)	(240, 0.0)	(241, 0.0)	(242, 0.0)	(243, 0.0)	(244, 0.0)	(245, 0.0)	(246, 0.0)	(247, 7.0)	(248, 73.0)	(249, 1843.0)	(250, 27153.0)	(251, 79325.0)																																		
SRR8438065_2	(190, 2.0)	(192, 1.0)	(194, 1.0)	(196, 1.0)	(198, 0.0)	(200, 0.0)	(202, 0.0)	(204, 0.0)	(206, 0.0)	(208, 1.0)	(210, 2.0)	(212, 1.0)	(214, 1.0)	(216, 0.0)	(218, 0.0)	(220, 0.0)	(222, 0.0)	(224, 0.0)	(226, 0.0)	(228, 0.0)	(230, 0.0)	(232, 2.0)	(234, 1.0)	(236, 2.0)	(238, 0.0)	(240, 0.0)	(242, 0.0)	(244, 1.0)	(246, 1.0)	(248, 292.0)	(250, 108095.0)																	
SRR8438066	(248, 1.0)	(249, 1.0)	(250, 13.0)	(251, 7.0)																																												
SRR8438066_1	(239, 2.0)	(240, 1.0)	(241, 3.0)	(242, 4.0)	(243, 0.0)	(244, 4.0)	(245, 1.0)	(246, 2.0)	(247, 3.0)	(248, 188.0)	(249, 1024.0)	(250, 105403.0)	(251, 26153.0)																																			
SRR8438066_2	(188, 2.0)	(190, 0.0)	(192, 1.0)	(194, 0.0)	(196, 1.0)	(198, 1.0)	(200, 0.0)	(202, 1.0)	(204, 0.0)	(206, 2.0)	(208, 2.0)	(210, 2.0)	(212, 1.0)	(214, 2.0)	(216, 1.0)	(218, 1.0)	(220, 0.0)	(222, 1.0)	(224, 0.0)	(226, 4.0)	(228, 1.0)	(230, 2.0)	(232, 2.0)	(234, 0.0)	(236, 0.0)	(238, 2.0)	(240, 2.0)	(242, 0.0)	(244, 3.0)	(246, 6.0)	(248, 574.0)	(250, 132174.0)																
SRR8438067	(249, 1.0)	(250, 0.0)	(251, 4.0)																																													
SRR8438067_1	(241, 2.0)	(242, 1.0)	(243, 0.0)	(244, 1.0)	(245, 0.0)	(246, 0.0)	(247, 3.0)	(248, 171.0)	(249, 1426.0)	(250, 9892.0)	(251, 20527.0)																																					
SRR8438067_2	(192, 1.0)	(194, 0.0)	(196, 0.0)	(198, 0.0)	(200, 0.0)	(202, 0.0)	(204, 0.0)	(206, 0.0)	(208, 0.0)	(210, 0.0)	(212, 0.0)	(214, 0.0)	(216, 2.0)	(218, 0.0)	(220, 1.0)	(222, 0.0)	(224, 0.0)	(226, 0.0)	(228, 0.0)	(230, 0.0)	(232, 0.0)	(234, 0.0)	(236, 0.0)	(238, 0.0)	(240, 2.0)	(242, 0.0)	(244, 2.0)	(246, 1.0)	(248, 209.0)	(250, 31805.0)																		
SRR8438068_1	(241, 1.0)	(242, 0.0)	(243, 0.0)	(244, 0.0)	(245, 0.0)	(246, 0.0)	(247, 9.0)	(248, 46.0)	(249, 1470.0)	(250, 4490.0)	(251, 3736.0)																																					
SRR8438068_2	(245, 2.0)	(246, 1.0)	(247, 2.0)	(248, 19.0)	(249, 135.0)	(250, 168.0)	(251, 9425.0)																																									
SRR8438069	(250, 12.0)	(251, 5.0)																																														
SRR8438069_1	(237, 2.0)	(238, 0.0)	(239, 0.0)	(240, 0.0)	(241, 1.0)	(242, 0.0)	(243, 0.0)	(244, 0.0)	(245, 0.0)	(246, 0.0)	(247, 5.0)	(248, 50.0)	(249, 338.0)	(250, 23968.0)	(251, 2060.0)																																	
SRR8438069_2	(188, 1.0)	(190, 0.0)	(192, 1.0)	(194, 0.0)	(196, 1.0)	(198, 0.0)	(200, 0.0)	(202, 0.0)	(204, 1.0)	(206, 1.0)	(208, 0.0)	(210, 0.0)	(212, 0.0)	(214, 0.0)	(216, 0.0)	(218, 1.0)	(220, 0.0)	(222, 1.0)	(224, 0.0)	(226, 0.0)	(228, 1.0)	(230, 0.0)	(232, 0.0)	(234, 0.0)	(236, 0.0)	(238, 0.0)	(240, 1.0)	(242, 0.0)	(244, 0.0)	(246, 6.0)	(248, 143.0)	(250, 26266.0)																
SRR8438070	(248, 1.0)	(249, 1.0)	(250, 5.0)	(251, 8.0)																																												
SRR8438070_1	(240, 1.0)	(241, 0.0)	(242, 0.0)	(243, 1.0)	(244, 1.0)	(245, 1.0)	(246, 3.0)	(247, 5.0)	(248, 65.0)	(249, 1505.0)	(250, 15318.0)	(251, 67661.0)																																				
SRR8438070_2	(192, 1.0)	(194, 1.0)	(196, 1.0)	(198, 0.0)	(200, 1.0)	(202, 2.0)	(204, 1.0)	(206, 0.0)	(208, 0.0)	(210, 2.0)	(212, 0.0)	(214, 1.0)	(216, 0.0)	(218, 0.0)	(220, 0.0)	(222, 1.0)	(224, 1.0)	(226, 1.0)	(228, 0.0)	(230, 2.0)	(232, 1.0)	(234, 0.0)	(236, 1.0)	(238, 0.0)	(240, 0.0)	(242, 0.0)	(244, 0.0)	(246, 4.0)	(248, 299.0)	(250, 84241.0)																		
SRR8438071	(249, 4.0)	(250, 13.0)	(251, 16.0)																																													
SRR8438071_1	(238, 1.0)	(239, 0.0)	(240, 0.0)	(241, 1.0)	(242, 1.0)	(243, 0.0)	(244, 1.0)	(245, 0.0)	(246, 1.0)	(247, 11.0)	(248, 92.0)	(249, 2472.0)	(250, 50669.0)	(251, 46111.0)																																		
SRR8438071_2	(190, 2.0)	(192, 1.0)	(194, 1.0)	(196, 0.0)	(198, 1.0)	(200, 0.0)	(202, 1.0)	(204, 1.0)	(206, 0.0)	(208, 1.0)	(210, 0.0)	(212, 0.0)	(214, 0.0)	(216, 0.0)	(218, 0.0)	(220, 0.0)	(222, 0.0)	(224, 0.0)	(226, 1.0)	(228, 1.0)	(230, 0.0)	(232, 1.0)	(234, 1.0)	(236, 1.0)	(238, 0.0)	(240, 1.0)	(242, 0.0)	(244, 0.0)	(246, 4.0)	(248, 547.0)	(250, 98795.0)																	
SRR8438072	(249, 3.0)	(250, 4.0)	(251, 13.0)																																													
SRR8438072_1	(238, 1.0)	(239, 3.0)	(240, 1.0)	(241, 0.0)	(242, 0.0)	(243, 0.0)	(244, 0.0)	(245, 1.0)	(246, 1.0)	(247, 6.0)	(248, 123.0)	(249, 3477.0)	(250, 65684.0)	(251, 63968.0)																																		
SRR8438072_2	(194, 1.0)	(196, 1.0)	(198, 0.0)	(200, 0.0)	(202, 1.0)	(204, 0.0)	(206, 1.0)	(208, 1.0)	(210, 0.0)	(212, 1.0)	(214, 0.0)	(216, 0.0)	(218, 0.0)	(220, 0.0)	(222, 0.0)	(224, 0.0)	(226, 1.0)	(228, 0.0)	(230, 0.0)	(232, 1.0)	(234, 0.0)	(236, 0.0)	(238, 1.0)	(240, 0.0)	(242, 0.0)	(244, 2.0)	(246, 1.0)	(248, 441.0)	(250, 132812.0)																			
SRR8438073	(249, 3.0)	(250, 5.0)	(251, 6.0)																																													
SRR8438073_1	(239, 2.0)	(240, 0.0)	(241, 1.0)	(242, 0.0)	(243, 0.0)	(244, 0.0)	(245, 0.0)	(246, 2.0)	(247, 16.0)	(248, 190.0)	(249, 2557.0)	(250, 35856.0)	(251, 44297.0)																																			
SRR8438073_2	(190, 1.0)	(192, 1.0)	(194, 0.0)	(196, 0.0)	(198, 1.0)	(200, 0.0)	(202, 0.0)	(204, 0.0)	(206, 0.0)	(208, 1.0)	(210, 0.0)	(212, 0.0)	(214, 1.0)	(216, 0.0)	(218, 0.0)	(220, 0.0)	(222, 0.0)	(224, 0.0)	(226, 1.0)	(228, 0.0)	(230, 2.0)	(232, 0.0)	(234, 1.0)	(236, 0.0)	(238, 0.0)	(240, 0.0)	(242, 0.0)	(244, 3.0)	(246, 6.0)	(248, 554.0)	(250, 82349.0)																	
SRR8438074	(248, 1.0)	(249, 0.0)	(250, 3.0)	(251, 4.0)																																												
SRR8438074_1	(238, 1.0)	(239, 0.0)	(240, 0.0)	(241, 0.0)	(242, 0.0)	(243, 0.0)	(244, 0.0)	(245, 0.0)	(246, 1.0)	(247, 2.0)	(248, 566.0)	(249, 1391.0)	(250, 90820.0)	(251, 14156.0)																																		
SRR8438074_2	(192, 1.0)	(194, 0.0)	(196, 0.0)	(198, 0.0)	(200, 3.0)	(202, 0.0)	(204, 0.0)	(206, 1.0)	(208, 1.0)	(210, 0.0)	(212, 1.0)	(214, 0.0)	(216, 0.0)	(218, 1.0)	(220, 0.0)	(222, 0.0)	(224, 4.0)	(226, 0.0)	(228, 1.0)	(230, 1.0)	(232, 0.0)	(234, 0.0)	(236, 0.0)	(238, 0.0)	(240, 0.0)	(242, 0.0)	(244, 0.0)	(246, 0.0)	(248, 293.0)	(250, 106630.0)																		
SRR8438075	(251, 3.0)																																															
SRR8438075_1	(244, 1.0)	(245, 2.0)	(246, 3.0)	(247, 32.0)	(248, 217.0)	(249, 892.0)	(250, 5042.0)	(251, 6342.0)																																								
SRR8438075_2	(196, 1.0)	(198, 0.0)	(200, 0.0)	(202, 0.0)	(204, 0.0)	(206, 0.0)	(208, 0.0)	(210, 1.0)	(212, 0.0)	(214, 0.0)	(216, 0.0)	(218, 0.0)	(220, 0.0)	(222, 0.0)	(224, 0.0)	(226, 0.0)	(228, 0.0)	(230, 0.0)	(232, 0.0)	(234, 0.0)	(236, 0.0)	(238, 0.0)	(240, 0.0)	(242, 0.0)	(244, 3.0)	(246, 10.0)	(248, 619.0)	(250, 11897.0)																				
SRR8438076	(250, 3.0)	(251, 3.0)																																														
SRR8438076_1	(245, 1.0)	(246, 2.0)	(247, 15.0)	(248, 124.0)	(249, 1903.0)	(250, 20069.0)	(251, 45917.0)																																									
SRR8438076_2	(194, 1.0)	(196, 0.0)	(198, 1.0)	(200, 0.0)	(202, 0.0)	(204, 0.0)	(206, 0.0)	(208, 1.0)	(210, 0.0)	(212, 0.0)	(214, 0.0)	(216, 0.0)	(218, 0.0)	(220, 0.0)	(222, 0.0)	(224, 1.0)	(226, 0.0)	(228, 0.0)	(230, 1.0)	(232, 0.0)	(234, 0.0)	(236, 0.0)	(238, 0.0)	(240, 0.0)	(242, 0.0)	(244, 1.0)	(246, 15.0)	(248, 600.0)	(250, 67410.0)																			
SRR8438077	(249, 1.0)	(250, 10.0)	(251, 14.0)																																													
SRR8438077_1	(237, 1.0)	(238, 1.0)	(239, 0.0)	(240, 1.0)	(241, 1.0)	(242, 0.0)	(243, 0.0)	(244, 1.0)	(245, 5.0)	(246, 11.0)	(247, 63.0)	(248, 471.0)	(249, 2606.0)	(250, 25943.0)	(251, 51713.0)																																	
SRR8438077_2	(188, 1.0)	(190, 2.0)	(192, 1.0)	(194, 1.0)	(196, 1.0)	(198, 1.0)	(200, 0.0)	(202, 1.0)	(204, 1.0)	(206, 0.0)	(208, 1.0)	(210, 0.0)	(212, 2.0)	(214, 2.0)	(216, 1.0)	(218, 0.0)	(220, 3.0)	(222, 0.0)	(224, 0.0)	(226, 1.0)	(228, 1.0)	(230, 1.0)	(232, 1.0)	(234, 0.0)	(236, 1.0)	(238, 0.0)	(240, 1.0)	(242, 0.0)	(244, 3.0)	(246, 30.0)	(248, 1458.0)	(250, 79302.0)																
SRR8438078	(249, 3.0)	(250, 5.0)	(251, 7.0)																																													
SRR8438078_1	(238, 3.0)	(239, 1.0)	(240, 0.0)	(241, 1.0)	(242, 0.0)	(243, 1.0)	(244, 1.0)	(245, 1.0)	(246, 3.0)	(247, 21.0)	(248, 294.0)	(249, 4824.0)	(250, 44787.0)	(251, 36011.0)																																		
SRR8438078_2	(190, 4.0)	(192, 1.0)	(194, 1.0)	(196, 1.0)	(198, 1.0)	(200, 0.0)	(202, 0.0)	(204, 1.0)	(206, 2.0)	(208, 1.0)	(210, 2.0)	(212, 0.0)	(214, 1.0)	(216, 0.0)	(218, 2.0)	(220, 0.0)	(222, 1.0)	(224, 0.0)	(226, 0.0)	(228, 0.0)	(230, 0.0)	(232, 1.0)	(234, 0.0)	(236, 1.0)	(238, 0.0)	(240, 1.0)	(242, 0.0)	(244, 5.0)	(246, 10.0)	(248, 837.0)	(250, 85075.0)																	
SRR8438079	(249, 2.0)	(250, 1.0)	(251, 7.0)																																													
SRR8438079_1	(238, 1.0)	(239, 1.0)	(240, 1.0)	(241, 1.0)	(242, 0.0)	(243, 1.0)	(244, 1.0)	(245, 0.0)	(246, 0.0)	(247, 2.0)	(248, 20.0)	(249, 3457.0)	(250, 4858.0)	(251, 83877.0)																																		
SRR8438079_2	(190, 1.0)	(192, 1.0)	(194, 0.0)	(196, 1.0)	(198, 0.0)	(200, 0.0)	(202, 0.0)	(204, 1.0)	(206, 0.0)	(208, 0.0)	(210, 0.0)	(212, 0.0)	(214, 0.0)	(216, 0.0)	(218, 0.0)	(220, 0.0)	(222, 0.0)	(224, 0.0)	(226, 0.0)	(228, 0.0)	(230, 0.0)	(232, 1.0)	(234, 0.0)	(236, 0.0)	(238, 1.0)	(240, 1.0)	(242, 0.0)	(244, 0.0)	(246, 0.0)	(248, 267.0)	(250, 91946.0)																	
SRR8438080	(248, 1.0)	(249, 4.0)	(250, 1.0)	(251, 9.0)																																												
SRR8438080_1	(247, 4.0)	(248, 30.0)	(249, 3769.0)	(250, 7627.0)	(251, 89604.0)																																											
SRR8438080_2	(190, 2.0)	(192, 0.0)	(194, 0.0)	(196, 0.0)	(198, 2.0)	(200, 0.0)	(202, 0.0)	(204, 0.0)	(206, 0.0)	(208, 0.0)	(210, 0.0)	(212, 1.0)	(214, 0.0)	(216, 0.0)	(218, 0.0)	(220, 1.0)	(222, 0.0)	(224, 0.0)	(226, 0.0)	(228, 1.0)	(230, 3.0)	(232, 0.0)	(234, 0.0)	(236, 0.0)	(238, 0.0)	(240, 0.0)	(242, 0.0)	(244, 0.0)	(246, 1.0)	(248, 342.0)	(250, 100681.0)																	
SRR8438081	(248, 3.0)	(249, 8.0)	(250, 11.0)	(251, 19.0)																																												
SRR8438081_1	(238, 2.0)	(239, 1.0)	(240, 0.0)	(241, 1.0)	(242, 0.0)	(243, 0.0)	(244, 0.0)	(245, 1.0)	(246, 1.0)	(247, 8.0)	(248, 144.0)	(249, 4967.0)	(250, 57054.0)	(251, 49606.0)																																		
SRR8438081_2	(190, 2.0)	(192, 0.0)	(194, 1.0)	(196, 2.0)	(198, 2.0)	(200, 2.0)	(202, 0.0)	(204, 1.0)	(206, 1.0)	(208, 0.0)	(210, 0.0)	(212, 1.0)	(214, 1.0)	(216, 0.0)	(218, 1.0)	(220, 0.0)	(222, 0.0)	(224, 0.0)	(226, 2.0)	(228, 1.0)	(230, 0.0)	(232, 1.0)	(234, 0.0)	(236, 0.0)	(238, 0.0)	(240, 1.0)	(242, 0.0)	(244, 1.0)	(246, 0.0)	(248, 631.0)	(250, 111134.0)																	
SRR8438082	(249, 4.0)	(250, 4.0)	(251, 11.0)																																													
SRR8438082_1	(238, 1.0)	(239, 0.0)	(240, 0.0)	(241, 2.0)	(242, 1.0)	(243, 0.0)	(244, 1.0)	(245, 2.0)	(246, 3.0)	(247, 19.0)	(248, 130.0)	(249, 7543.0)	(250, 18865.0)	(251, 93006.0)																																		
SRR8438082_2	(192, 2.0)	(194, 0.0)	(196, 1.0)	(198, 0.0)	(200, 0.0)	(202, 0.0)	(204, 0.0)	(206, 0.0)	(208, 0.0)	(210, 0.0)	(212, 0.0)	(214, 0.0)	(216, 0.0)	(218, 0.0)	(220, 0.0)	(222, 0.0)	(224, 0.0)	(226, 0.0)	(228, 0.0)	(230, 0.0)	(232, 0.0)	(234, 0.0)	(236, 0.0)	(238, 0.0)	(240, 0.0)	(242, 0.0)	(244, 4.0)	(246, 12.0)	(248, 588.0)	(250, 118966.0)																		
SRR8438083	(245, 1.0)	(246, 0.0)	(247, 0.0)	(248, 0.0)	(249, 4.0)	(250, 12.0)	(251, 10.0)																																									
SRR8438083_1	(241, 1.0)	(242, 0.0)	(243, 1.0)	(244, 0.0)	(245, 1.0)	(246, 1.0)	(247, 6.0)	(248, 88.0)	(249, 1957.0)	(250, 62742.0)	(251, 56496.0)																																					
SRR8438083_2	(188, 1.0)	(190, 2.0)	(192, 1.0)	(194, 1.0)	(196, 0.0)	(198, 1.0)	(200, 1.0)	(202, 0.0)	(204, 0.0)	(206, 1.0)	(208, 0.0)	(210, 0.0)	(212, 1.0)	(214, 0.0)	(216, 1.0)	(218, 1.0)	(220, 0.0)	(222, 1.0)	(224, 0.0)	(226, 0.0)	(228, 0.0)	(230, 1.0)	(232, 2.0)	(234, 0.0)	(236, 1.0)	(238, 0.0)	(240, 1.0)	(242, 0.0)	(244, 1.0)	(246, 0.0)	(248, 471.0)	(250, 120804.0)																
SRR8438084_1	(242, 1.0)	(243, 0.0)	(244, 0.0)	(245, 2.0)	(246, 2.0)	(247, 38.0)	(248, 263.0)	(249, 1143.0)	(250, 20616.0)	(251, 10094.0)																																						
SRR8438084_2	(194, 1.0)	(196, 0.0)	(198, 0.0)	(200, 0.0)	(202, 0.0)	(204, 0.0)	(206, 0.0)	(208, 0.0)	(210, 0.0)	(212, 0.0)	(214, 0.0)	(216, 1.0)	(218, 0.0)	(220, 0.0)	(222, 0.0)	(224, 0.0)	(226, 0.0)	(228, 0.0)	(230, 0.0)	(232, 0.0)	(234, 1.0)	(236, 0.0)	(238, 0.0)	(240, 0.0)	(242, 0.0)	(244, 5.0)	(246, 24.0)	(248, 765.0)	(250, 31362.0)																			
SRR8438085	(250, 2.0)																																															
SRR8438085_1	(237, 1.0)	(238, 0.0)	(239, 0.0)	(240, 0.0)	(241, 1.0)	(242, 0.0)	(243, 0.0)	(244, 3.0)	(245, 4.0)	(246, 16.0)	(247, 69.0)	(248, 526.0)	(249, 2426.0)	(250, 15398.0)	(251, 24713.0)																																	
SRR8438085_2	(190, 1.0)	(192, 0.0)	(194, 0.0)	(196, 0.0)	(198, 0.0)	(200, 0.0)	(202, 0.0)	(204, 1.0)	(206, 0.0)	(208, 0.0)	(210, 0.0)	(212, 1.0)	(214, 0.0)	(216, 0.0)	(218, 0.0)	(220, 0.0)	(222, 0.0)	(224, 0.0)	(226, 0.0)	(228, 0.0)	(230, 0.0)	(232, 0.0)	(234, 0.0)	(236, 1.0)	(238, 0.0)	(240, 0.0)	(242, 0.0)	(244, 14.0)	(246, 28.0)	(248, 1579.0)	(250, 41532.0)																	
SRR8438086	(250, 1.0)																																															
SRR8438086_1	(238, 1.0)	(239, 0.0)	(240, 0.0)	(241, 0.0)	(242, 0.0)	(243, 0.0)	(244, 0.0)	(245, 0.0)	(246, 1.0)	(247, 4.0)	(248, 185.0)	(249, 1270.0)	(250, 23358.0)	(251, 8167.0)																																		
SRR8438086_2	(230, 1.0)	(231, 0.0)	(232, 0.0)	(233, 0.0)	(234, 0.0)	(235, 0.0)	(236, 0.0)	(237, 0.0)	(238, 0.0)	(239, 0.0)	(240, 0.0)	(241, 0.0)	(242, 0.0)	(243, 0.0)	(244, 0.0)	(245, 1.0)	(246, 0.0)	(247, 4.0)	(248, 20.0)	(249, 280.0)	(250, 137.0)	(251, 32543.0)																										
SRR8438087	(249, 2.0)	(250, 2.0)	(251, 7.0)																																													
SRR8438087_1	(240, 1.0)	(241, 0.0)	(242, 0.0)	(243, 1.0)	(244, 3.0)	(245, 0.0)	(246, 2.0)	(247, 12.0)	(248, 182.0)	(249, 2045.0)	(250, 22193.0)	(251, 73030.0)																																				
SRR8438087_2	(190, 1.0)	(192, 1.0)	(194, 0.0)	(196, 0.0)	(198, 0.0)	(200, 2.0)	(202, 0.0)	(204, 0.0)	(206, 0.0)	(208, 0.0)	(210, 0.0)	(212, 0.0)	(214, 0.0)	(216, 0.0)	(218, 0.0)	(220, 0.0)	(222, 0.0)	(224, 0.0)	(226, 0.0)	(228, 0.0)	(230, 2.0)	(232, 0.0)	(234, 1.0)	(236, 0.0)	(238, 0.0)	(240, 0.0)	(242, 0.0)	(244, 1.0)	(246, 7.0)	(248, 528.0)	(250, 96926.0)																	
SRR8438088	(249, 6.0)	(250, 4.0)	(251, 17.0)																																													
SRR8438088_1	(237, 1.0)	(238, 1.0)	(239, 0.0)	(240, 1.0)	(241, 1.0)	(242, 0.0)	(243, 1.0)	(244, 0.0)	(245, 0.0)	(246, 0.0)	(247, 4.0)	(248, 31.0)	(249, 3129.0)	(250, 14310.0)	(251, 80517.0)																																	
SRR8438088_2	(188, 1.0)	(190, 2.0)	(192, 1.0)	(194, 0.0)	(196, 0.0)	(198, 1.0)	(200, 0.0)	(202, 0.0)	(204, 0.0)	(206, 0.0)	(208, 0.0)	(210, 0.0)	(212, 0.0)	(214, 0.0)	(216, 0.0)	(218, 0.0)	(220, 0.0)	(222, 0.0)	(224, 0.0)	(226, 1.0)	(228, 1.0)	(230, 1.0)	(232, 0.0)	(234, 1.0)	(236, 1.0)	(238, 0.0)	(240, 1.0)	(242, 0.0)	(244, 1.0)	(246, 2.0)	(248, 319.0)	(250, 97663.0)																
SRR8438089	(249, 1.0)	(250, 1.0)	(251, 8.0)																																													
SRR8438089_1	(241, 1.0)	(242, 0.0)	(243, 0.0)	(244, 0.0)	(245, 4.0)	(246, 1.0)	(247, 39.0)	(248, 252.0)	(249, 4548.0)	(250, 23905.0)	(251, 52703.0)																																					
SRR8438089_2	(196, 1.0)	(198, 0.0)	(200, 0.0)	(202, 1.0)	(204, 2.0)	(206, 0.0)	(208, 0.0)	(210, 0.0)	(212, 0.0)	(214, 1.0)	(216, 0.0)	(218, 0.0)	(220, 0.0)	(222, 1.0)	(224, 0.0)	(226, 0.0)	(228, 0.0)	(230, 0.0)	(232, 0.0)	(234, 0.0)	(236, 1.0)	(238, 0.0)	(240, 0.0)	(242, 0.0)	(244, 5.0)	(246, 18.0)	(248, 811.0)	(250, 80612.0)																				
SRR8438090	(250, 5.0)	(251, 19.0)																																														
SRR8438090_1	(238, 1.0)	(239, 1.0)	(240, 0.0)	(241, 1.0)	(242, 0.0)	(243, 1.0)	(244, 0.0)	(245, 0.0)	(246, 0.0)	(247, 5.0)	(248, 43.0)	(249, 2669.0)	(250, 17210.0)	(251, 57456.0)																																		
SRR8438090_2	(188, 1.0)	(190, 0.0)	(192, 0.0)	(194, 0.0)	(196, 0.0)	(198, 0.0)	(200, 2.0)	(202, 0.0)	(204, 1.0)	(206, 1.0)	(208, 1.0)	(210, 0.0)	(212, 0.0)	(214, 0.0)	(216, 0.0)	(218, 0.0)	(220, 0.0)	(222, 0.0)	(224, 0.0)	(226, 1.0)	(228, 0.0)	(230, 0.0)	(232, 0.0)	(234, 1.0)	(236, 0.0)	(238, 1.0)	(240, 0.0)	(242, 0.0)	(244, 1.0)	(246, 0.0)	(248, 263.0)	(250, 77114.0)																
SRR8438091	(249, 2.0)	(250, 1.0)	(251, 4.0)																																													
SRR8438091_1	(242, 1.0)	(243, 1.0)	(244, 0.0)	(245, 0.0)	(246, 1.0)	(247, 1.0)	(248, 72.0)	(249, 2097.0)	(250, 39970.0)	(251, 40977.0)																																						
SRR8438091_2	(190, 1.0)	(192, 0.0)	(194, 0.0)	(196, 1.0)	(198, 0.0)	(200, 0.0)	(202, 0.0)	(204, 0.0)	(206, 0.0)	(208, 0.0)	(210, 0.0)	(212, 1.0)	(214, 0.0)	(216, 0.0)	(218, 0.0)	(220, 0.0)	(222, 0.0)	(224, 0.0)	(226, 0.0)	(228, 0.0)	(230, 0.0)	(232, 1.0)	(234, 2.0)	(236, 0.0)	(238, 0.0)	(240, 0.0)	(242, 0.0)	(244, 0.0)	(246, 0.0)	(248, 248.0)	(250, 82866.0)																	
SRR8438092	(251, 2.0)																																															
SRR8438092_1	(243, 1.0)	(244, 0.0)	(245, 1.0)	(246, 2.0)	(247, 11.0)	(248, 207.0)	(249, 1866.0)	(250, 62082.0)	(251, 22220.0)																																							
SRR8438092_2	(190, 1.0)	(192, 1.0)	(194, 1.0)	(196, 0.0)	(198, 0.0)	(200, 0.0)	(202, 0.0)	(204, 1.0)	(206, 2.0)	(208, 0.0)	(210, 1.0)	(212, 0.0)	(214, 0.0)	(216, 0.0)	(218, 0.0)	(220, 0.0)	(222, 0.0)	(224, 1.0)	(226, 0.0)	(228, 0.0)	(230, 2.0)	(232, 0.0)	(234, 3.0)	(236, 0.0)	(238, 0.0)	(240, 0.0)	(242, 0.0)	(244, 1.0)	(246, 2.0)	(248, 398.0)	(250, 85976.0)																	
SRR8438093	(250, 1.0)																																															
SRR8438093_1	(247, 1.0)	(248, 53.0)	(249, 790.0)	(250, 4097.0)	(251, 4980.0)																																											
SRR8438093_2	(196, 1.0)	(198, 1.0)	(200, 0.0)	(202, 0.0)	(204, 0.0)	(206, 0.0)	(208, 0.0)	(210, 0.0)	(212, 0.0)	(214, 0.0)	(216, 0.0)	(218, 0.0)	(220, 0.0)	(222, 0.0)	(224, 0.0)	(226, 0.0)	(228, 0.0)	(230, 0.0)	(232, 0.0)	(234, 0.0)	(236, 0.0)	(238, 0.0)	(240, 0.0)	(242, 0.0)	(244, 0.0)	(246, 1.0)	(248, 74.0)	(250, 9844.0)																				
SRR8438094	(249, 1.0)	(250, 15.0)	(251, 19.0)																																													
SRR8438094_1	(239, 1.0)	(240, 0.0)	(241, 1.0)	(242, 0.0)	(243, 0.0)	(244, 3.0)	(245, 1.0)	(246, 1.0)	(247, 4.0)	(248, 150.0)	(249, 3193.0)	(250, 53906.0)	(251, 31227.0)																																			
SRR8438094_2	(192, 2.0)	(194, 0.0)	(196, 1.0)	(198, 0.0)	(200, 0.0)	(202, 0.0)	(204, 2.0)	(206, 0.0)	(208, 0.0)	(210, 0.0)	(212, 0.0)	(214, 0.0)	(216, 0.0)	(218, 0.0)	(220, 0.0)	(222, 2.0)	(224, 0.0)	(226, 1.0)	(228, 0.0)	(230, 1.0)	(232, 0.0)	(234, 0.0)	(236, 1.0)	(238, 1.0)	(240, 2.0)	(242, 0.0)	(244, 1.0)	(246, 1.0)	(248, 425.0)	(250, 88047.0)																		
SRR8438095	(248, 1.0)	(249, 5.0)	(250, 8.0)	(251, 15.0)																																												
SRR8438095_1	(237, 1.0)	(238, 0.0)	(239, 1.0)	(240, 0.0)	(241, 0.0)	(242, 0.0)	(243, 0.0)	(244, 0.0)	(245, 0.0)	(246, 0.0)	(247, 1.0)	(248, 48.0)	(249, 3035.0)	(250, 20560.0)	(251, 65283.0)																																	
SRR8438095_2	(190, 1.0)	(192, 0.0)	(194, 0.0)	(196, 1.0)	(198, 0.0)	(200, 0.0)	(202, 0.0)	(204, 0.0)	(206, 0.0)	(208, 1.0)	(210, 0.0)	(212, 0.0)	(214, 0.0)	(216, 1.0)	(218, 0.0)	(220, 0.0)	(222, 1.0)	(224, 0.0)	(226, 0.0)	(228, 0.0)	(230, 1.0)	(232, 0.0)	(234, 0.0)	(236, 1.0)	(238, 1.0)	(240, 0.0)	(242, 0.0)	(244, 0.0)	(246, 2.0)	(248, 356.0)	(250, 88563.0)																	
SRR8438096	(249, 2.0)	(250, 2.0)	(251, 5.0)																																													
SRR8438096_1	(241, 1.0)	(242, 0.0)	(243, 0.0)	(244, 2.0)	(245, 7.0)	(246, 8.0)	(247, 53.0)	(248, 388.0)	(249, 3722.0)	(250, 12486.0)	(251, 18762.0)																																					
SRR8438096_2	(196, 1.0)	(198, 0.0)	(200, 0.0)	(202, 1.0)	(204, 0.0)	(206, 0.0)	(208, 0.0)	(210, 0.0)	(212, 0.0)	(214, 1.0)	(216, 0.0)	(218, 0.0)	(220, 0.0)	(222, 0.0)	(224, 0.0)	(226, 1.0)	(228, 0.0)	(230, 0.0)	(232, 0.0)	(234, 0.0)	(236, 0.0)	(238, 0.0)	(240, 0.0)	(242, 0.0)	(244, 6.0)	(246, 26.0)	(248, 927.0)	(250, 34466.0)																				
SRR8438097	(249, 1.0)	(250, 3.0)	(251, 6.0)																																													
SRR8438097_1	(239, 1.0)	(240, 0.0)	(241, 2.0)	(242, 0.0)	(243, 0.0)	(244, 0.0)	(245, 10.0)	(246, 12.0)	(247, 139.0)	(248, 721.0)	(249, 6026.0)	(250, 6885.0)	(251, 18147.0)																																			
SRR8438097_2	(194, 1.0)	(196, 1.0)	(198, 1.0)	(200, 0.0)	(202, 0.0)	(204, 0.0)	(206, 0.0)	(208, 0.0)	(210, 0.0)	(212, 0.0)	(214, 0.0)	(216, 0.0)	(218, 0.0)	(220, 0.0)	(222, 0.0)	(224, 0.0)	(226, 0.0)	(228, 0.0)	(230, 0.0)	(232, 0.0)	(234, 0.0)	(236, 0.0)	(238, 1.0)	(240, 0.0)	(242, 0.0)	(244, 11.0)	(246, 39.0)	(248, 1677.0)	(250, 30212.0)																			
SRR8438098	(248, 1.0)	(249, 1.0)	(250, 9.0)	(251, 4.0)																																												
SRR8438098_1	(238, 1.0)	(239, 0.0)	(240, 0.0)	(241, 0.0)	(242, 1.0)	(243, 0.0)	(244, 1.0)	(245, 0.0)	(246, 0.0)	(247, 5.0)	(248, 189.0)	(249, 2341.0)	(250, 58346.0)	(251, 8958.0)																																		
SRR8438098_2	(190, 1.0)	(192, 0.0)	(194, 1.0)	(196, 0.0)	(198, 1.0)	(200, 1.0)	(202, 0.0)	(204, 0.0)	(206, 1.0)	(208, 0.0)	(210, 1.0)	(212, 0.0)	(214, 0.0)	(216, 0.0)	(218, 0.0)	(220, 1.0)	(222, 1.0)	(224, 1.0)	(226, 0.0)	(228, 0.0)	(230, 0.0)	(232, 1.0)	(234, 1.0)	(236, 0.0)	(238, 0.0)	(240, 0.0)	(242, 0.0)	(244, 2.0)	(246, 6.0)	(248, 287.0)	(250, 69536.0)																	
SRR8438099	(249, 2.0)	(250, 15.0)	(251, 18.0)																																													
SRR8438099_1	(237, 1.0)	(238, 0.0)	(239, 0.0)	(240, 2.0)	(241, 0.0)	(242, 1.0)	(243, 0.0)	(244, 1.0)	(245, 1.0)	(246, 0.0)	(247, 8.0)	(248, 131.0)	(249, 2716.0)	(250, 78125.0)	(251, 45577.0)																																	
SRR8438099_2	(194, 1.0)	(196, 1.0)	(198, 0.0)	(200, 0.0)	(202, 0.0)	(204, 0.0)	(206, 1.0)	(208, 1.0)	(210, 0.0)	(212, 0.0)	(214, 1.0)	(216, 1.0)	(218, 0.0)	(220, 1.0)	(222, 0.0)	(224, 0.0)	(226, 0.0)	(228, 0.0)	(230, 0.0)	(232, 0.0)	(234, 1.0)	(236, 1.0)	(238, 0.0)	(240, 0.0)	(242, 0.0)	(244, 0.0)	(246, 3.0)	(248, 402.0)	(250, 126149.0)																			
SRR8438100	(248, 1.0)	(249, 4.0)	(250, 5.0)	(251, 11.0)																																												
SRR8438100_1	(241, 1.0)	(242, 0.0)	(243, 0.0)	(244, 0.0)	(245, 4.0)	(246, 6.0)	(247, 60.0)	(248, 342.0)	(249, 7136.0)	(250, 46942.0)	(251, 52237.0)																																					
SRR8438100_2	(196, 1.0)	(198, 0.0)	(200, 2.0)	(202, 0.0)	(204, 0.0)	(206, 1.0)	(208, 0.0)	(210, 1.0)	(212, 0.0)	(214, 0.0)	(216, 0.0)	(218, 0.0)	(220, 0.0)	(222, 0.0)	(224, 0.0)	(226, 0.0)	(228, 0.0)	(230, 1.0)	(232, 2.0)	(234, 0.0)	(236, 0.0)	(238, 1.0)	(240, 0.0)	(242, 0.0)	(244, 10.0)	(246, 13.0)	(248, 1042.0)	(250, 105654.0)																				
SRR8438101	(249, 3.0)	(250, 4.0)	(251, 14.0)																																													
SRR8438101_1	(245, 2.0)	(246, 0.0)	(247, 12.0)	(248, 157.0)	(249, 2984.0)	(250, 50620.0)	(251, 47068.0)																																									
SRR8438101_2	(194, 1.0)	(196, 0.0)	(198, 0.0)	(200, 1.0)	(202, 0.0)	(204, 0.0)	(206, 0.0)	(208, 0.0)	(210, 0.0)	(212, 0.0)	(214, 0.0)	(216, 0.0)	(218, 0.0)	(220, 0.0)	(222, 0.0)	(224, 0.0)	(226, 0.0)	(228, 1.0)	(230, 0.0)	(232, 0.0)	(234, 0.0)	(236, 0.0)	(238, 0.0)	(240, 0.0)	(242, 0.0)	(244, 1.0)	(246, 6.0)	(248, 521.0)	(250, 100312.0)																			
SRR8438102	(250, 3.0)	(251, 4.0)																																														
SRR8438102_1	(243, 1.0)	(244, 0.0)	(245, 0.0)	(246, 0.0)	(247, 7.0)	(248, 109.0)	(249, 2102.0)	(250, 39214.0)	(251, 56567.0)																																							
SRR8438102_2	(190, 1.0)	(192, 0.0)	(194, 1.0)	(196, 1.0)	(198, 0.0)	(200, 1.0)	(202, 0.0)	(204, 0.0)	(206, 0.0)	(208, 0.0)	(210, 0.0)	(212, 0.0)	(214, 2.0)	(216, 1.0)	(218, 0.0)	(220, 0.0)	(222, 0.0)	(224, 1.0)	(226, 2.0)	(228, 0.0)	(230, 0.0)	(232, 0.0)	(234, 1.0)	(236, 0.0)	(238, 0.0)	(240, 0.0)	(242, 0.0)	(244, 1.0)	(246, 1.0)	(248, 269.0)	(250, 97718.0)																	
SRR8438103	(247, 1.0)	(248, 0.0)	(249, 6.0)	(250, 13.0)	(251, 30.0)																																											
SRR8438103_1	(237, 2.0)	(238, 0.0)	(239, 0.0)	(240, 0.0)	(241, 3.0)	(242, 0.0)	(243, 0.0)	(244, 0.0)	(245, 1.0)	(246, 0.0)	(247, 11.0)	(248, 285.0)	(249, 6058.0)	(250, 33709.0)	(251, 56516.0)																																	
SRR8438103_2	(190, 3.0)	(192, 0.0)	(194, 1.0)	(196, 0.0)	(198, 0.0)	(200, 0.0)	(202, 0.0)	(204, 3.0)	(206, 1.0)	(208, 0.0)	(210, 1.0)	(212, 0.0)	(214, 2.0)	(216, 2.0)	(218, 1.0)	(220, 2.0)	(222, 1.0)	(224, 1.0)	(226, 0.0)	(228, 1.0)	(230, 1.0)	(232, 0.0)	(234, 0.0)	(236, 1.0)	(238, 0.0)	(240, 1.0)	(242, 0.0)	(244, 1.0)	(246, 3.0)	(248, 543.0)	(250, 96016.0)																	
SRR8438104	(250, 3.0)	(251, 2.0)																																														
SRR8438104_1	(246, 2.0)	(247, 14.0)	(248, 97.0)	(249, 2262.0)	(250, 13861.0)	(251, 8954.0)																																										
SRR8438104_2	(202, 1.0)	(204, 0.0)	(206, 0.0)	(208, 0.0)	(210, 0.0)	(212, 0.0)	(214, 0.0)	(216, 1.0)	(218, 1.0)	(220, 0.0)	(222, 0.0)	(224, 0.0)	(226, 0.0)	(228, 0.0)	(230, 0.0)	(232, 0.0)	(234, 0.0)	(236, 0.0)	(238, 0.0)	(240, 0.0)	(242, 0.0)	(244, 0.0)	(246, 13.0)	(248, 404.0)	(250, 24770.0)																							
SRR8438105	(250, 6.0)	(251, 3.0)																																														
SRR8438105_1	(240, 2.0)	(241, 1.0)	(242, 0.0)	(243, 1.0)	(244, 0.0)	(245, 1.0)	(246, 4.0)	(247, 34.0)	(248, 154.0)	(249, 2370.0)	(250, 10591.0)	(251, 15663.0)																																				
SRR8438105_2	(190, 1.0)	(192, 1.0)	(194, 0.0)	(196, 0.0)	(198, 0.0)	(200, 0.0)	(202, 0.0)	(204, 1.0)	(206, 0.0)	(208, 1.0)	(210, 0.0)	(212, 0.0)	(214, 1.0)	(216, 0.0)	(218, 1.0)	(220, 0.0)	(222, 0.0)	(224, 0.0)	(226, 2.0)	(228, 0.0)	(230, 0.0)	(232, 0.0)	(234, 0.0)	(236, 0.0)	(238, 0.0)	(240, 2.0)	(242, 0.0)	(244, 2.0)	(246, 11.0)	(248, 703.0)	(250, 28095.0)																	
SRR8438106	(248, 1.0)	(249, 0.0)	(250, 8.0)	(251, 6.0)																																												
SRR8438106_1	(240, 1.0)	(241, 0.0)	(242, 0.0)	(243, 0.0)	(244, 0.0)	(245, 0.0)	(246, 0.0)	(247, 6.0)	(248, 146.0)	(249, 3766.0)	(250, 62343.0)	(251, 42362.0)																																				
SRR8438106_2	(206, 1.0)	(207, 0.0)	(208, 0.0)	(209, 0.0)	(210, 0.0)	(211, 0.0)	(212, 0.0)	(213, 0.0)	(214, 0.0)	(215, 0.0)	(216, 1.0)	(217, 0.0)	(218, 0.0)	(219, 0.0)	(220, 1.0)	(221, 0.0)	(222, 0.0)	(223, 0.0)	(224, 0.0)	(225, 0.0)	(226, 0.0)	(227, 0.0)	(228, 0.0)	(229, 0.0)	(230, 0.0)	(231, 0.0)	(232, 0.0)	(233, 0.0)	(234, 1.0)	(235, 0.0)	(236, 0.0)	(237, 0.0)	(238, 0.0)	(239, 0.0)	(240, 0.0)	(241, 0.0)	(242, 0.0)	(243, 0.0)	(244, 0.0)	(245, 0.0)	(246, 0.0)	(247, 2.0)	(248, 1.0)	(249, 292.0)	(250, 89.0)	(251, 108236.0)		
SRR8438107	(250, 9.0)	(251, 5.0)																																														
SRR8438107_1	(243, 1.0)	(244, 0.0)	(245, 0.0)	(246, 5.0)	(247, 16.0)	(248, 190.0)	(249, 3338.0)	(250, 34669.0)	(251, 50355.0)																																							
SRR8438107_2	(192, 1.0)	(194, 0.0)	(196, 2.0)	(198, 1.0)	(200, 0.0)	(202, 1.0)	(204, 0.0)	(206, 0.0)	(208, 1.0)	(210, 0.0)	(212, 0.0)	(214, 0.0)	(216, 0.0)	(218, 0.0)	(220, 0.0)	(222, 1.0)	(224, 0.0)	(226, 0.0)	(228, 0.0)	(230, 1.0)	(232, 0.0)	(234, 1.0)	(236, 0.0)	(238, 0.0)	(240, 0.0)	(242, 1.0)	(244, 5.0)	(246, 12.0)	(248, 702.0)	(250, 87845.0)																		
SRR8438108	(249, 4.0)	(250, 3.0)	(251, 4.0)																																													
SRR8438108_1	(241, 2.0)	(242, 0.0)	(243, 0.0)	(244, 0.0)	(245, 3.0)	(246, 9.0)	(247, 44.0)	(248, 953.0)	(249, 6166.0)	(250, 45679.0)	(251, 25882.0)																																					
SRR8438108_2	(192, 1.0)	(194, 1.0)	(196, 0.0)	(198, 0.0)	(200, 0.0)	(202, 2.0)	(204, 1.0)	(206, 1.0)	(208, 2.0)	(210, 0.0)	(212, 1.0)	(214, 1.0)	(216, 2.0)	(218, 1.0)	(220, 1.0)	(222, 0.0)	(224, 1.0)	(226, 1.0)	(228, 0.0)	(230, 1.0)	(232, 1.0)	(234, 1.0)	(236, 0.0)	(238, 0.0)	(240, 1.0)	(242, 0.0)	(244, 4.0)	(246, 15.0)	(248, 967.0)	(250, 77732.0)																		
SRR8438109	(248, 1.0)	(249, 0.0)	(250, 7.0)	(251, 3.0)																																												
SRR8438109_1	(239, 1.0)	(240, 0.0)	(241, 2.0)	(242, 0.0)	(243, 0.0)	(244, 1.0)	(245, 2.0)	(246, 2.0)	(247, 4.0)	(248, 237.0)	(249, 4833.0)	(250, 62049.0)	(251, 27182.0)																																			
SRR8438109_2	(192, 2.0)	(194, 2.0)	(196, 0.0)	(198, 1.0)	(200, 1.0)	(202, 0.0)	(204, 0.0)	(206, 0.0)	(208, 1.0)	(210, 2.0)	(212, 3.0)	(214, 0.0)	(216, 2.0)	(218, 0.0)	(220, 1.0)	(222, 1.0)	(224, 0.0)	(226, 0.0)	(228, 0.0)	(230, 0.0)	(232, 1.0)	(234, 1.0)	(236, 0.0)	(238, 1.0)	(240, 2.0)	(242, 0.0)	(244, 4.0)	(246, 5.0)	(248, 385.0)	(250, 93898.0)																		
SRR8438110	(250, 1.0)	(251, 2.0)																																														
SRR8438110_1	(247, 6.0)	(248, 48.0)	(249, 3407.0)	(250, 49924.0)	(251, 5155.0)																																											
SRR8438110_2	(213, 1.0)	(214, 0.0)	(215, 0.0)	(216, 0.0)	(217, 0.0)	(218, 0.0)	(219, 0.0)	(220, 0.0)	(221, 0.0)	(222, 0.0)	(223, 0.0)	(224, 0.0)	(225, 0.0)	(226, 0.0)	(227, 0.0)	(228, 1.0)	(229, 0.0)	(230, 0.0)	(231, 1.0)	(232, 0.0)	(233, 0.0)	(234, 0.0)	(235, 1.0)	(236, 0.0)	(237, 0.0)	(238, 0.0)	(239, 0.0)	(240, 0.0)	(241, 0.0)	(242, 0.0)	(243, 0.0)	(244, 0.0)	(245, 0.0)	(246, 0.0)	(247, 3.0)	(248, 15.0)	(249, 115.0)	(250, 304.0)	(251, 58099.0)									
SRR8438111	(250, 15.0)	(251, 5.0)																																														
SRR8438111_1	(240, 1.0)	(241, 0.0)	(242, 0.0)	(243, 2.0)	(244, 0.0)	(245, 0.0)	(246, 0.0)	(247, 4.0)	(248, 85.0)	(249, 1150.0)	(250, 73095.0)	(251, 3210.0)																																				
SRR8438111_2	(194, 1.0)	(196, 1.0)	(198, 0.0)	(200, 0.0)	(202, 0.0)	(204, 2.0)	(206, 0.0)	(208, 0.0)	(210, 0.0)	(212, 1.0)	(214, 0.0)	(216, 0.0)	(218, 0.0)	(220, 0.0)	(222, 0.0)	(224, 1.0)	(226, 1.0)	(228, 1.0)	(230, 0.0)	(232, 1.0)	(234, 1.0)	(236, 0.0)	(238, 0.0)	(240, 1.0)	(242, 0.0)	(244, 1.0)	(246, 3.0)	(248, 145.0)	(250, 77387.0)																			
SRR8438112	(250, 4.0)	(251, 3.0)																																														
SRR8438112_1	(237, 1.0)	(238, 1.0)	(239, 0.0)	(240, 0.0)	(241, 0.0)	(242, 0.0)	(243, 0.0)	(244, 1.0)	(245, 1.0)	(246, 3.0)	(247, 15.0)	(248, 208.0)	(249, 2819.0)	(250, 34800.0)	(251, 15319.0)																																	
SRR8438112_2	(198, 1.0)	(200, 1.0)	(202, 0.0)	(204, 1.0)	(206, 1.0)	(208, 1.0)	(210, 0.0)	(212, 0.0)	(214, 0.0)	(216, 3.0)	(218, 0.0)	(220, 0.0)	(222, 0.0)	(224, 0.0)	(226, 0.0)	(228, 0.0)	(230, 1.0)	(232, 0.0)	(234, 0.0)	(236, 1.0)	(238, 0.0)	(240, 0.0)	(242, 0.0)	(244, 2.0)	(246, 9.0)	(248, 550.0)	(250, 52597.0)																					
SRR8438113	(250, 9.0)	(251, 4.0)																																														
SRR8438113_1	(238, 2.0)	(239, 0.0)	(240, 0.0)	(241, 2.0)	(242, 1.0)	(243, 2.0)	(244, 1.0)	(245, 1.0)	(246, 2.0)	(247, 18.0)	(248, 243.0)	(249, 2553.0)	(250, 38708.0)	(251, 16749.0)																																		
SRR8438113_2	(188, 1.0)	(190, 1.0)	(192, 1.0)	(194, 1.0)	(196, 0.0)	(198, 0.0)	(200, 0.0)	(202, 0.0)	(204, 0.0)	(206, 0.0)	(208, 2.0)	(210, 1.0)	(212, 0.0)	(214, 2.0)	(216, 3.0)	(218, 1.0)	(220, 0.0)	(222, 0.0)	(224, 1.0)	(226, 0.0)	(228, 0.0)	(230, 1.0)	(232, 0.0)	(234, 0.0)	(236, 0.0)	(238, 0.0)	(240, 0.0)	(242, 0.0)	(244, 1.0)	(246, 7.0)	(248, 641.0)	(250, 57618.0)																
SRR8438114	(249, 2.0)	(250, 6.0)	(251, 4.0)																																													
SRR8438114_1	(237, 2.0)	(238, 2.0)	(239, 0.0)	(240, 1.0)	(241, 1.0)	(242, 0.0)	(243, 0.0)	(244, 1.0)	(245, 1.0)	(246, 3.0)	(247, 9.0)	(248, 312.0)	(249, 3772.0)	(250, 64302.0)	(251, 25809.0)																																	
SRR8438114_2	(192, 1.0)	(194, 0.0)	(196, 0.0)	(198, 0.0)	(200, 0.0)	(202, 0.0)	(204, 0.0)	(206, 0.0)	(208, 2.0)	(210, 3.0)	(212, 1.0)	(214, 0.0)	(216, 0.0)	(218, 0.0)	(220, 0.0)	(222, 0.0)	(224, 0.0)	(226, 0.0)	(228, 0.0)	(230, 0.0)	(232, 0.0)	(234, 0.0)	(236, 0.0)	(238, 0.0)	(240, 2.0)	(242, 1.0)	(244, 0.0)	(246, 5.0)	(248, 400.0)	(250, 93800.0)																		
SRR8438115	(248, 1.0)	(249, 0.0)	(250, 8.0)	(251, 1.0)																																												
SRR8438115_1	(237, 1.0)	(238, 0.0)	(239, 0.0)	(240, 0.0)	(241, 0.0)	(242, 0.0)	(243, 0.0)	(244, 0.0)	(245, 4.0)	(246, 0.0)	(247, 18.0)	(248, 482.0)	(249, 7842.0)	(250, 47213.0)	(251, 23308.0)																																	
SRR8438115_2	(192, 1.0)	(194, 0.0)	(196, 0.0)	(198, 1.0)	(200, 1.0)	(202, 0.0)	(204, 0.0)	(206, 1.0)	(208, 1.0)	(210, 0.0)	(212, 1.0)	(214, 0.0)	(216, 0.0)	(218, 0.0)	(220, 0.0)	(222, 0.0)	(224, 0.0)	(226, 1.0)	(228, 0.0)	(230, 1.0)	(232, 0.0)	(234, 0.0)	(236, 0.0)	(238, 0.0)	(240, 0.0)	(242, 0.0)	(244, 1.0)	(246, 7.0)	(248, 494.0)	(250, 78358.0)																		
SRR8438116	(249, 1.0)	(250, 1.0)	(251, 2.0)																																													
SRR8438116_1	(240, 1.0)	(241, 1.0)	(242, 0.0)	(243, 0.0)	(244, 1.0)	(245, 0.0)	(246, 3.0)	(247, 19.0)	(248, 216.0)	(249, 4163.0)	(250, 36319.0)	(251, 14677.0)																																				
SRR8438116_2	(208, 1.0)	(209, 0.0)	(210, 0.0)	(211, 0.0)	(212, 0.0)	(213, 0.0)	(214, 1.0)	(215, 0.0)	(216, 0.0)	(217, 0.0)	(218, 0.0)	(219, 0.0)	(220, 0.0)	(221, 0.0)	(222, 0.0)	(223, 0.0)	(224, 0.0)	(225, 0.0)	(226, 0.0)	(227, 1.0)	(228, 0.0)	(229, 0.0)	(230, 1.0)	(231, 0.0)	(232, 0.0)	(233, 0.0)	(234, 0.0)	(235, 0.0)	(236, 1.0)	(237, 0.0)	(238, 0.0)	(239, 0.0)	(240, 0.0)	(241, 1.0)	(242, 0.0)	(243, 0.0)	(244, 3.0)	(245, 3.0)	(246, 3.0)	(247, 19.0)	(248, 80.0)	(249, 581.0)	(250, 563.0)	(251, 54142.0)				
SRR8438117	(250, 1.0)	(251, 2.0)																																														
SRR8438117_1	(245, 1.0)	(246, 1.0)	(247, 19.0)	(248, 169.0)	(249, 2853.0)	(250, 17377.0)	(251, 9417.0)																																									
SRR8438117_2	(245, 1.0)	(246, 2.0)	(247, 7.0)	(248, 90.0)	(249, 555.0)	(250, 554.0)	(251, 28628.0)																																									
SRR8438118	(248, 1.0)	(249, 1.0)	(250, 5.0)																																													
SRR8438118_1	(240, 1.0)	(241, 0.0)	(242, 0.0)	(243, 0.0)	(244, 0.0)	(245, 0.0)	(246, 0.0)	(247, 2.0)	(248, 53.0)	(249, 403.0)	(250, 11395.0)	(251, 3693.0)																																				
SRR8438118_2	(200, 1.0)	(202, 0.0)	(204, 0.0)	(206, 0.0)	(208, 0.0)	(210, 0.0)	(212, 0.0)	(214, 0.0)	(216, 0.0)	(218, 0.0)	(220, 1.0)	(222, 0.0)	(224, 1.0)	(226, 1.0)	(228, 0.0)	(230, 0.0)	(232, 0.0)	(234, 1.0)	(236, 0.0)	(238, 0.0)	(240, 0.0)	(242, 0.0)	(244, 0.0)	(246, 13.0)	(248, 128.0)	(250, 15401.0)																						
SRR8438119	(250, 11.0)	(251, 1.0)																																														
SRR8438119_1	(245, 1.0)	(246, 1.0)	(247, 3.0)	(248, 44.0)	(249, 328.0)	(250, 27669.0)	(251, 1241.0)																																									
SRR8438119_2	(202, 2.0)	(204, 1.0)	(206, 0.0)	(208, 0.0)	(210, 0.0)	(212, 0.0)	(214, 0.0)	(216, 0.0)	(218, 1.0)	(220, 0.0)	(222, 0.0)	(224, 0.0)	(226, 1.0)	(228, 0.0)	(230, 2.0)	(232, 0.0)	(234, 0.0)	(236, 0.0)	(238, 0.0)	(240, 0.0)	(242, 0.0)	(244, 0.0)	(246, 1.0)	(248, 122.0)	(250, 29157.0)																							
SRR8438120	(248, 1.0)	(249, 0.0)	(250, 7.0)	(251, 2.0)																																												
SRR8438120_1	(237, 2.0)	(238, 0.0)	(239, 0.0)	(240, 0.0)	(241, 0.0)	(242, 0.0)	(243, 0.0)	(244, 1.0)	(245, 1.0)	(246, 0.0)	(247, 2.0)	(248, 48.0)	(249, 270.0)	(250, 27090.0)	(251, 1032.0)																																	
SRR8438120_2	(188, 1.0)	(190, 0.0)	(192, 2.0)	(194, 0.0)	(196, 1.0)	(198, 1.0)	(200, 1.0)	(202, 1.0)	(204, 0.0)	(206, 1.0)	(208, 0.0)	(210, 0.0)	(212, 0.0)	(214, 1.0)	(216, 0.0)	(218, 1.0)	(220, 0.0)	(222, 0.0)	(224, 0.0)	(226, 0.0)	(228, 0.0)	(230, 4.0)	(232, 0.0)	(234, 0.0)	(236, 2.0)	(238, 0.0)	(240, 0.0)	(242, 0.0)	(244, 1.0)	(246, 4.0)	(248, 148.0)	(250, 28277.0)																
SRR8438121	(248, 1.0)	(249, 0.0)	(250, 30.0)	(251, 7.0)																																												
SRR8438121_1	(237, 1.0)	(238, 0.0)	(239, 1.0)	(240, 0.0)	(241, 0.0)	(242, 1.0)	(243, 1.0)	(244, 0.0)	(245, 1.0)	(246, 1.0)	(247, 13.0)	(248, 125.0)	(249, 790.0)	(250, 88960.0)	(251, 3175.0)																																	
SRR8438121_2	(192, 1.0)	(194, 0.0)	(196, 4.0)	(198, 1.0)	(200, 2.0)	(202, 1.0)	(204, 1.0)	(206, 2.0)	(208, 2.0)	(210, 1.0)	(212, 1.0)	(214, 0.0)	(216, 0.0)	(218, 1.0)	(220, 0.0)	(222, 0.0)	(224, 2.0)	(226, 1.0)	(228, 0.0)	(230, 1.0)	(232, 0.0)	(234, 0.0)	(236, 2.0)	(238, 1.0)	(240, 0.0)	(242, 1.0)	(244, 0.0)	(246, 1.0)	(248, 383.0)	(250, 92660.0)																		
SRR8438122	(250, 11.0)	(251, 3.0)																																														
SRR8438122_1	(243, 2.0)	(244, 0.0)	(245, 0.0)	(246, 0.0)	(247, 2.0)	(248, 52.0)	(249, 446.0)	(250, 18097.0)	(251, 1685.0)																																							
SRR8438122_2	(192, 1.0)	(194, 1.0)	(196, 0.0)	(198, 0.0)	(200, 0.0)	(202, 0.0)	(204, 0.0)	(206, 0.0)	(208, 0.0)	(210, 1.0)	(212, 0.0)	(214, 0.0)	(216, 0.0)	(218, 0.0)	(220, 0.0)	(222, 0.0)	(224, 0.0)	(226, 0.0)	(228, 0.0)	(230, 0.0)	(232, 0.0)	(234, 0.0)	(236, 0.0)	(238, 0.0)	(240, 0.0)	(242, 0.0)	(244, 1.0)	(246, 1.0)	(248, 125.0)	(250, 20154.0)																		
SRR8438123	(248, 1.0)	(249, 3.0)	(250, 30.0)	(251, 10.0)																																												
SRR8438123_1	(237, 2.0)	(238, 0.0)	(239, 2.0)	(240, 0.0)	(241, 1.0)	(242, 1.0)	(243, 1.0)	(244, 0.0)	(245, 2.0)	(246, 1.0)	(247, 10.0)	(248, 114.0)	(249, 1563.0)	(250, 83794.0)	(251, 25272.0)																																	
SRR8438123_2	(190, 2.0)	(192, 2.0)	(194, 4.0)	(196, 0.0)	(198, 1.0)	(200, 1.0)	(202, 3.0)	(204, 1.0)	(206, 2.0)	(208, 1.0)	(210, 3.0)	(212, 1.0)	(214, 1.0)	(216, 0.0)	(218, 2.0)	(220, 1.0)	(222, 0.0)	(224, 2.0)	(226, 1.0)	(228, 2.0)	(230, 1.0)	(232, 1.0)	(234, 1.0)	(236, 3.0)	(238, 2.0)	(240, 0.0)	(242, 0.0)	(244, 2.0)	(246, 3.0)	(248, 908.0)	(250, 109812.0)																	
SRR8438124	(250, 11.0)	(251, 7.0)																																														
SRR8438124_1	(245, 1.0)	(246, 2.0)	(247, 16.0)	(248, 111.0)	(249, 1393.0)	(250, 72181.0)	(251, 22774.0)																																									
SRR8438124_2	(188, 1.0)	(190, 1.0)	(192, 2.0)	(194, 1.0)	(196, 0.0)	(198, 0.0)	(200, 0.0)	(202, 1.0)	(204, 0.0)	(206, 0.0)	(208, 2.0)	(210, 1.0)	(212, 0.0)	(214, 0.0)	(216, 0.0)	(218, 0.0)	(220, 1.0)	(222, 1.0)	(224, 0.0)	(226, 1.0)	(228, 0.0)	(230, 0.0)	(232, 0.0)	(234, 0.0)	(236, 0.0)	(238, 0.0)	(240, 0.0)	(242, 0.0)	(244, 0.0)	(246, 10.0)	(248, 1453.0)	(250, 95003.0)																
SRR8438125	(248, 1.0)	(249, 4.0)	(250, 42.0)	(251, 23.0)																																												
SRR8438125_1	(238, 1.0)	(239, 0.0)	(240, 0.0)	(241, 4.0)	(242, 0.0)	(243, 2.0)	(244, 0.0)	(245, 1.0)	(246, 2.0)	(247, 16.0)	(248, 333.0)	(249, 4557.0)	(250, 311061.0)	(251, 95276.0)																																		
SRR8438125_2	(190, 3.0)	(192, 3.0)	(194, 0.0)	(196, 3.0)	(198, 0.0)	(200, 5.0)	(202, 1.0)	(204, 3.0)	(206, 0.0)	(208, 0.0)	(210, 5.0)	(212, 2.0)	(214, 1.0)	(216, 1.0)	(218, 1.0)	(220, 0.0)	(222, 1.0)	(224, 0.0)	(226, 2.0)	(228, 1.0)	(230, 3.0)	(232, 4.0)	(234, 0.0)	(236, 0.0)	(238, 0.0)	(240, 2.0)	(242, 1.0)	(244, 1.0)	(246, 11.0)	(248, 4661.0)	(250, 406538.0)																	
SRR8438126	(248, 1.0)	(249, 3.0)	(250, 10.0)	(251, 6.0)																																												
SRR8438126_1	(247, 4.0)	(248, 157.0)	(249, 2383.0)	(250, 43539.0)	(251, 33863.0)																																											
SRR8438126_2	(192, 1.0)	(194, 0.0)	(196, 0.0)	(198, 0.0)	(200, 1.0)	(202, 0.0)	(204, 1.0)	(206, 0.0)	(208, 0.0)	(210, 1.0)	(212, 1.0)	(214, 0.0)	(216, 0.0)	(218, 0.0)	(220, 0.0)	(222, 0.0)	(224, 0.0)	(226, 0.0)	(228, 0.0)	(230, 1.0)	(232, 0.0)	(234, 0.0)	(236, 0.0)	(238, 0.0)	(240, 1.0)	(242, 0.0)	(244, 1.0)	(246, 0.0)	(248, 371.0)	(250, 79567.0)																		
SRR8438127	(249, 1.0)	(250, 6.0)	(251, 9.0)																																													
SRR8438127_1	(239, 1.0)	(240, 0.0)	(241, 0.0)	(242, 0.0)	(243, 0.0)	(244, 0.0)	(245, 0.0)	(246, 0.0)	(247, 5.0)	(248, 80.0)	(249, 3028.0)	(250, 47241.0)	(251, 35642.0)																																			
SRR8438127_2	(188, 1.0)	(190, 1.0)	(192, 0.0)	(194, 1.0)	(196, 1.0)	(198, 0.0)	(200, 1.0)	(202, 1.0)	(204, 1.0)	(206, 0.0)	(208, 0.0)	(210, 0.0)	(212, 0.0)	(214, 1.0)	(216, 0.0)	(218, 0.0)	(220, 0.0)	(222, 0.0)	(224, 0.0)	(226, 0.0)	(228, 1.0)	(230, 0.0)	(232, 0.0)	(234, 0.0)	(236, 0.0)	(238, 0.0)	(240, 0.0)	(242, 0.0)	(244, 0.0)	(246, 0.0)	(248, 368.0)	(250, 85620.0)																
SRR8438128_1	(242, 1.0)	(243, 0.0)	(244, 0.0)	(245, 0.0)	(246, 0.0)	(247, 0.0)	(248, 2.0)	(249, 35.0)	(250, 186.0)	(251, 135.0)																																						
SRR8438128_2	(249, 7.0)	(250, 7.0)	(251, 345.0)																																													
SRR8438129	(249, 1.0)	(250, 1.0)	(251, 1.0)																																													
SRR8438129_1	(246, 4.0)	(247, 19.0)	(248, 234.0)	(249, 1141.0)	(250, 9618.0)	(251, 11810.0)																																										
SRR8438129_2	(223, 1.0)	(224, 0.0)	(225, 0.0)	(226, 0.0)	(227, 0.0)	(228, 0.0)	(229, 0.0)	(230, 0.0)	(231, 0.0)	(232, 0.0)	(233, 0.0)	(234, 0.0)	(235, 0.0)	(236, 0.0)	(237, 0.0)	(238, 0.0)	(239, 0.0)	(240, 0.0)	(241, 0.0)	(242, 0.0)	(243, 0.0)	(244, 1.0)	(245, 4.0)	(246, 7.0)	(247, 43.0)	(248, 99.0)	(249, 378.0)	(250, 1479.0)	(251, 20814.0)																			
SRR8438130	(248, 1.0)	(249, 1.0)	(250, 4.0)	(251, 11.0)																																												
SRR8438130_1	(238, 1.0)	(239, 1.0)	(240, 1.0)	(241, 0.0)	(242, 0.0)	(243, 2.0)	(244, 1.0)	(245, 1.0)	(246, 1.0)	(247, 7.0)	(248, 89.0)	(249, 3276.0)	(250, 45035.0)	(251, 47773.0)																																		
SRR8438130_2	(190, 1.0)	(192, 1.0)	(194, 0.0)	(196, 0.0)	(198, 0.0)	(200, 0.0)	(202, 0.0)	(204, 1.0)	(206, 0.0)	(208, 1.0)	(210, 0.0)	(212, 3.0)	(214, 0.0)	(216, 0.0)	(218, 0.0)	(220, 0.0)	(222, 0.0)	(224, 0.0)	(226, 1.0)	(228, 0.0)	(230, 1.0)	(232, 0.0)	(234, 0.0)	(236, 0.0)	(238, 0.0)	(240, 1.0)	(242, 0.0)	(244, 3.0)	(246, 8.0)	(248, 372.0)	(250, 95795.0)																	
SRR8438131	(250, 6.0)	(251, 3.0)																																														
SRR8438131_1	(237, 1.0)	(238, 0.0)	(239, 0.0)	(240, 0.0)	(241, 0.0)	(242, 0.0)	(243, 0.0)	(244, 0.0)	(245, 0.0)	(246, 0.0)	(247, 6.0)	(248, 115.0)	(249, 819.0)	(250, 42936.0)	(251, 2785.0)																																	
SRR8438131_2	(192, 1.0)	(194, 1.0)	(196, 0.0)	(198, 1.0)	(200, 0.0)	(202, 0.0)	(204, 0.0)	(206, 0.0)	(208, 1.0)	(210, 0.0)	(212, 0.0)	(214, 0.0)	(216, 1.0)	(218, 0.0)	(220, 0.0)	(222, 0.0)	(224, 0.0)	(226, 0.0)	(228, 0.0)	(230, 1.0)	(232, 0.0)	(234, 0.0)	(236, 1.0)	(238, 0.0)	(240, 0.0)	(242, 0.0)	(244, 0.0)	(246, 4.0)	(248, 117.0)	(250, 46534.0)																		
SRR8438132	(250, 22.0)	(251, 3.0)																																														
SRR8438132_1	(237, 1.0)	(238, 0.0)	(239, 1.0)	(240, 0.0)	(241, 0.0)	(242, 1.0)	(243, 0.0)	(244, 0.0)	(245, 1.0)	(246, 0.0)	(247, 3.0)	(248, 100.0)	(249, 1410.0)	(250, 97032.0)	(251, 4917.0)																																	
SRR8438132_2	(190, 3.0)	(192, 2.0)	(194, 0.0)	(196, 0.0)	(198, 0.0)	(200, 1.0)	(202, 0.0)	(204, 2.0)	(206, 0.0)	(208, 1.0)	(210, 0.0)	(212, 1.0)	(214, 0.0)	(216, 1.0)	(218, 0.0)	(220, 1.0)	(222, 0.0)	(224, 2.0)	(226, 0.0)	(228, 2.0)	(230, 2.0)	(232, 0.0)	(234, 2.0)	(236, 1.0)	(238, 0.0)	(240, 0.0)	(242, 1.0)	(244, 0.0)	(246, 7.0)	(248, 209.0)	(250, 103228.0)																	
SRR8438133	(248, 1.0)	(249, 1.0)	(250, 0.0)	(251, 2.0)																																												
SRR8438133_1	(241, 1.0)	(242, 0.0)	(243, 0.0)	(244, 0.0)	(245, 0.0)	(246, 0.0)	(247, 1.0)	(248, 22.0)	(249, 1182.0)	(250, 14789.0)	(251, 13092.0)																																					
SRR8438133_2	(202, 1.0)	(204, 0.0)	(206, 0.0)	(208, 0.0)	(210, 0.0)	(212, 0.0)	(214, 0.0)	(216, 0.0)	(218, 0.0)	(220, 0.0)	(222, 0.0)	(224, 0.0)	(226, 0.0)	(228, 1.0)	(230, 0.0)	(232, 1.0)	(234, 0.0)	(236, 0.0)	(238, 0.0)	(240, 0.0)	(242, 0.0)	(244, 1.0)	(246, 0.0)	(248, 150.0)	(250, 28933.0)																							
SRR8438134	(249, 1.0)	(250, 3.0)																																														
SRR8438134_1	(238, 1.0)	(239, 0.0)	(240, 0.0)	(241, 0.0)	(242, 0.0)	(243, 0.0)	(244, 0.0)	(245, 0.0)	(246, 0.0)	(247, 8.0)	(248, 59.0)	(249, 899.0)	(250, 9576.0)	(251, 4303.0)																																		
SRR8438134_2	(205, 1.0)	(206, 0.0)	(207, 0.0)	(208, 0.0)	(209, 0.0)	(210, 0.0)	(211, 0.0)	(212, 0.0)	(213, 0.0)	(214, 0.0)	(215, 0.0)	(216, 0.0)	(217, 0.0)	(218, 0.0)	(219, 0.0)	(220, 0.0)	(221, 0.0)	(222, 0.0)	(223, 0.0)	(224, 0.0)	(225, 0.0)	(226, 0.0)	(227, 0.0)	(228, 0.0)	(229, 0.0)	(230, 0.0)	(231, 0.0)	(232, 0.0)	(233, 0.0)	(234, 0.0)	(235, 0.0)	(236, 1.0)	(237, 0.0)	(238, 0.0)	(239, 0.0)	(240, 0.0)	(241, 0.0)	(242, 0.0)	(243, 0.0)	(244, 0.0)	(245, 0.0)	(246, 1.0)	(247, 10.0)	(248, 57.0)	(249, 196.0)	(250, 595.0)	(251, 13985.0)	
SRR8438135	(249, 1.0)	(250, 2.0)	(251, 3.0)																																													
SRR8438135_1	(241, 1.0)	(242, 0.0)	(243, 0.0)	(244, 0.0)	(245, 0.0)	(246, 1.0)	(247, 5.0)	(248, 47.0)	(249, 976.0)	(250, 7113.0)	(251, 3164.0)																																					
SRR8438135_2	(246, 1.0)	(247, 4.0)	(248, 23.0)	(249, 122.0)	(250, 352.0)	(251, 10805.0)																																										
SRR8438136	(250, 1.0)	(251, 1.0)																																														
SRR8438136_1	(244, 1.0)	(245, 0.0)	(246, 3.0)	(247, 14.0)	(248, 81.0)	(249, 805.0)	(250, 10368.0)	(251, 3664.0)																																								
SRR8438136_2	(244, 1.0)	(245, 1.0)	(246, 3.0)	(247, 5.0)	(248, 77.0)	(249, 199.0)	(250, 819.0)	(251, 13831.0)																																								
SRR8438137	(248, 1.0)	(249, 0.0)	(250, 5.0)	(251, 2.0)																																												
SRR8438137_1	(245, 1.0)	(246, 0.0)	(247, 5.0)	(248, 48.0)	(249, 2454.0)	(250, 16307.0)	(251, 4837.0)																																									
SRR8438137_2	(215, 1.0)	(216, 1.0)	(217, 0.0)	(218, 0.0)	(219, 0.0)	(220, 0.0)	(221, 0.0)	(222, 0.0)	(223, 0.0)	(224, 0.0)	(225, 0.0)	(226, 0.0)	(227, 0.0)	(228, 0.0)	(229, 0.0)	(230, 1.0)	(231, 0.0)	(232, 0.0)	(233, 0.0)	(234, 0.0)	(235, 0.0)	(236, 0.0)	(237, 0.0)	(238, 0.0)	(239, 0.0)	(240, 0.0)	(241, 0.0)	(242, 0.0)	(243, 0.0)	(244, 0.0)	(245, 0.0)	(246, 0.0)	(247, 5.0)	(248, 20.0)	(249, 128.0)	(250, 426.0)	(251, 23070.0)											
SRR8438138	(249, 2.0)	(250, 21.0)	(251, 6.0)																																													
SRR8438138_1	(239, 1.0)	(240, 3.0)	(241, 1.0)	(242, 0.0)	(243, 0.0)	(244, 3.0)	(245, 0.0)	(246, 3.0)	(247, 9.0)	(248, 159.0)	(249, 1117.0)	(250, 64665.0)	(251, 6288.0)																																			
SRR8438138_2	(192, 1.0)	(194, 0.0)	(196, 1.0)	(198, 0.0)	(200, 1.0)	(202, 2.0)	(204, 0.0)	(206, 1.0)	(208, 0.0)	(210, 1.0)	(212, 1.0)	(214, 2.0)	(216, 0.0)	(218, 0.0)	(220, 0.0)	(222, 1.0)	(224, 1.0)	(226, 1.0)	(228, 1.0)	(230, 0.0)	(232, 0.0)	(234, 0.0)	(236, 0.0)	(238, 1.0)	(240, 1.0)	(242, 0.0)	(244, 3.0)	(246, 12.0)	(248, 334.0)	(250, 71884.0)																		
SRR8438139	(249, 4.0)	(250, 9.0)	(251, 8.0)																																													
SRR8438139_1	(238, 1.0)	(239, 0.0)	(240, 0.0)	(241, 0.0)	(242, 0.0)	(243, 1.0)	(244, 0.0)	(245, 0.0)	(246, 2.0)	(247, 4.0)	(248, 40.0)	(249, 712.0)	(250, 23677.0)	(251, 5309.0)																																		
SRR8438139_2	(188, 1.0)	(190, 1.0)	(192, 0.0)	(194, 0.0)	(196, 1.0)	(198, 1.0)	(200, 1.0)	(202, 2.0)	(204, 0.0)	(206, 0.0)	(208, 1.0)	(210, 0.0)	(212, 0.0)	(214, 1.0)	(216, 0.0)	(218, 0.0)	(220, 0.0)	(222, 0.0)	(224, 2.0)	(226, 0.0)	(228, 0.0)	(230, 2.0)	(232, 0.0)	(234, 0.0)	(236, 1.0)	(238, 0.0)	(240, 0.0)	(242, 1.0)	(244, 0.0)	(246, 5.0)	(248, 203.0)	(250, 29523.0)																
SRR8438140	(249, 4.0)	(250, 20.0)	(251, 10.0)																																													
SRR8438140_1	(237, 2.0)	(238, 1.0)	(239, 4.0)	(240, 0.0)	(241, 0.0)	(242, 0.0)	(243, 0.0)	(244, 2.0)	(245, 0.0)	(246, 1.0)	(247, 8.0)	(248, 97.0)	(249, 401.0)	(250, 29951.0)	(251, 1831.0)																																	
SRR8438140_2	(188, 1.0)	(190, 1.0)	(192, 3.0)	(194, 4.0)	(196, 1.0)	(198, 1.0)	(200, 1.0)	(202, 1.0)	(204, 1.0)	(206, 2.0)	(208, 1.0)	(210, 0.0)	(212, 0.0)	(214, 1.0)	(216, 1.0)	(218, 2.0)	(220, 0.0)	(222, 1.0)	(224, 0.0)	(226, 1.0)	(228, 0.0)	(230, 2.0)	(232, 1.0)	(234, 1.0)	(236, 2.0)	(238, 5.0)	(240, 0.0)	(242, 0.0)	(244, 2.0)	(246, 9.0)	(248, 226.0)	(250, 32027.0)																
SRR8438141	(249, 2.0)	(250, 13.0)	(251, 9.0)																																													
SRR8438141_1	(238, 1.0)	(239, 0.0)	(240, 4.0)	(241, 2.0)	(242, 0.0)	(243, 2.0)	(244, 0.0)	(245, 3.0)	(246, 0.0)	(247, 7.0)	(248, 604.0)	(249, 1876.0)	(250, 104326.0)	(251, 17249.0)																																		
SRR8438141_2	(190, 3.0)	(192, 2.0)	(194, 1.0)	(196, 0.0)	(198, 1.0)	(200, 1.0)	(202, 1.0)	(204, 2.0)	(206, 2.0)	(208, 0.0)	(210, 2.0)	(212, 0.0)	(214, 2.0)	(216, 0.0)	(218, 1.0)	(220, 2.0)	(222, 0.0)	(224, 0.0)	(226, 1.0)	(228, 1.0)	(230, 2.0)	(232, 0.0)	(234, 1.0)	(236, 0.0)	(238, 0.0)	(240, 4.0)	(242, 0.0)	(244, 2.0)	(246, 2.0)	(248, 455.0)	(250, 123586.0)																	
SRR8438142	(250, 4.0)	(251, 3.0)																																														
SRR8438142_1	(238, 1.0)	(239, 0.0)	(240, 0.0)	(241, 0.0)	(242, 1.0)	(243, 1.0)	(244, 1.0)	(245, 0.0)	(246, 1.0)	(247, 2.0)	(248, 46.0)	(249, 729.0)	(250, 20902.0)	(251, 5290.0)																																		
SRR8438142_2	(190, 1.0)	(192, 1.0)	(194, 1.0)	(196, 0.0)	(198, 0.0)	(200, 1.0)	(202, 0.0)	(204, 2.0)	(206, 0.0)	(208, 1.0)	(210, 0.0)	(212, 0.0)	(214, 1.0)	(216, 1.0)	(218, 0.0)	(220, 0.0)	(222, 0.0)	(224, 0.0)	(226, 1.0)	(228, 0.0)	(230, 0.0)	(232, 0.0)	(234, 0.0)	(236, 0.0)	(238, 0.0)	(240, 0.0)	(242, 0.0)	(244, 1.0)	(246, 2.0)	(248, 129.0)	(250, 26832.0)																	
SRR8438143	(249, 1.0)	(250, 3.0)	(251, 4.0)																																													
SRR8438143_1	(245, 1.0)	(246, 1.0)	(247, 3.0)	(248, 70.0)	(249, 926.0)	(250, 19813.0)	(251, 6412.0)																																									
SRR8438143_2	(190, 1.0)	(192, 0.0)	(194, 0.0)	(196, 0.0)	(198, 0.0)	(200, 0.0)	(202, 0.0)	(204, 0.0)	(206, 0.0)	(208, 0.0)	(210, 0.0)	(212, 0.0)	(214, 0.0)	(216, 1.0)	(218, 1.0)	(220, 0.0)	(222, 0.0)	(224, 0.0)	(226, 0.0)	(228, 1.0)	(230, 0.0)	(232, 0.0)	(234, 0.0)	(236, 0.0)	(238, 0.0)	(240, 0.0)	(242, 0.0)	(244, 1.0)	(246, 2.0)	(248, 136.0)	(250, 27083.0)																	
SRR8438144	(247, 1.0)	(248, 0.0)	(249, 1.0)	(250, 14.0)	(251, 3.0)																																											
SRR8438144_1	(237, 1.0)	(238, 1.0)	(239, 0.0)	(240, 0.0)	(241, 0.0)	(242, 1.0)	(243, 0.0)	(244, 1.0)	(245, 0.0)	(246, 0.0)	(247, 8.0)	(248, 52.0)	(249, 1084.0)	(250, 19396.0)	(251, 7685.0)																																	
SRR8438144_2	(198, 1.0)	(200, 0.0)	(202, 0.0)	(204, 0.0)	(206, 0.0)	(208, 1.0)	(210, 3.0)	(212, 0.0)	(214, 1.0)	(216, 1.0)	(218, 0.0)	(220, 0.0)	(222, 1.0)	(224, 1.0)	(226, 0.0)	(228, 0.0)	(230, 0.0)	(232, 1.0)	(234, 0.0)	(236, 2.0)	(238, 1.0)	(240, 0.0)	(242, 1.0)	(244, 1.0)	(246, 7.0)	(248, 221.0)	(250, 27986.0)																					
SRR8438145	(249, 1.0)	(250, 11.0)	(251, 9.0)																																													
SRR8438145_1	(237, 1.0)	(238, 0.0)	(239, 0.0)	(240, 1.0)	(241, 3.0)	(242, 0.0)	(243, 0.0)	(244, 0.0)	(245, 0.0)	(246, 2.0)	(247, 8.0)	(248, 162.0)	(249, 1561.0)	(250, 56036.0)	(251, 44428.0)																																	
SRR8438145_2	(192, 1.0)	(194, 0.0)	(196, 1.0)	(198, 0.0)	(200, 2.0)	(202, 1.0)	(204, 2.0)	(206, 2.0)	(208, 0.0)	(210, 2.0)	(212, 0.0)	(214, 3.0)	(216, 1.0)	(218, 3.0)	(220, 0.0)	(222, 1.0)	(224, 0.0)	(226, 2.0)	(228, 0.0)	(230, 1.0)	(232, 2.0)	(234, 0.0)	(236, 1.0)	(238, 0.0)	(240, 3.0)	(242, 0.0)	(244, 0.0)	(246, 0.0)	(248, 374.0)	(250, 101800.0)																		
SRR8438146	(250, 9.0)	(251, 4.0)																																														
SRR8438146_1	(237, 1.0)	(238, 0.0)	(239, 0.0)	(240, 0.0)	(241, 0.0)	(242, 1.0)	(243, 1.0)	(244, 0.0)	(245, 0.0)	(246, 0.0)	(247, 5.0)	(248, 137.0)	(249, 1452.0)	(250, 59987.0)	(251, 30810.0)																																	
SRR8438146_2	(192, 1.0)	(194, 1.0)	(196, 0.0)	(198, 1.0)	(200, 1.0)	(202, 0.0)	(204, 0.0)	(206, 0.0)	(208, 0.0)	(210, 2.0)	(212, 0.0)	(214, 0.0)	(216, 0.0)	(218, 0.0)	(220, 0.0)	(222, 0.0)	(224, 1.0)	(226, 0.0)	(228, 0.0)	(230, 1.0)	(232, 0.0)	(234, 1.0)	(236, 2.0)	(238, 0.0)	(240, 0.0)	(242, 0.0)	(244, 0.0)	(246, 1.0)	(248, 255.0)	(250, 92127.0)																		
SRR8438147	(250, 1.0)	(251, 3.0)																																														
SRR8438147_1	(239, 2.0)	(240, 0.0)	(241, 0.0)	(242, 0.0)	(243, 0.0)	(244, 1.0)	(245, 0.0)	(246, 3.0)	(247, 12.0)	(248, 204.0)	(249, 1119.0)	(250, 48802.0)	(251, 13975.0)																																			
SRR8438147_2	(198, 1.0)	(200, 1.0)	(202, 0.0)	(204, 1.0)	(206, 0.0)	(208, 0.0)	(210, 1.0)	(212, 0.0)	(214, 0.0)	(216, 0.0)	(218, 0.0)	(220, 0.0)	(222, 0.0)	(224, 0.0)	(226, 1.0)	(228, 0.0)	(230, 0.0)	(232, 0.0)	(234, 0.0)	(236, 0.0)	(238, 0.0)	(240, 0.0)	(242, 0.0)	(244, 1.0)	(246, 9.0)	(248, 476.0)	(250, 63627.0)																					
SRR8438148	(250, 3.0)	(251, 3.0)																																														
SRR8438148_1	(239, 1.0)	(240, 0.0)	(241, 0.0)	(242, 0.0)	(243, 0.0)	(244, 1.0)	(245, 1.0)	(246, 3.0)	(247, 7.0)	(248, 143.0)	(249, 861.0)	(250, 71677.0)	(251, 16928.0)																																			
SRR8438148_2	(196, 1.0)	(198, 2.0)	(200, 0.0)	(202, 0.0)	(204, 0.0)	(206, 0.0)	(208, 1.0)	(210, 0.0)	(212, 1.0)	(214, 0.0)	(216, 0.0)	(218, 1.0)	(220, 0.0)	(222, 0.0)	(224, 0.0)	(226, 0.0)	(228, 0.0)	(230, 1.0)	(232, 0.0)	(234, 0.0)	(236, 1.0)	(238, 0.0)	(240, 0.0)	(242, 0.0)	(244, 0.0)	(246, 1.0)	(248, 247.0)	(250, 89366.0)																				
SRR8438149	(250, 10.0)	(251, 2.0)																																														
SRR8438149_1	(237, 1.0)	(238, 0.0)	(239, 0.0)	(240, 0.0)	(241, 0.0)	(242, 0.0)	(243, 0.0)	(244, 0.0)	(245, 0.0)	(246, 3.0)	(247, 5.0)	(248, 78.0)	(249, 1066.0)	(250, 75680.0)	(251, 3707.0)																																	
SRR8438149_2	(190, 2.0)	(192, 0.0)	(194, 1.0)	(196, 0.0)	(198, 0.0)	(200, 0.0)	(202, 1.0)	(204, 0.0)	(206, 1.0)	(208, 0.0)	(210, 0.0)	(212, 0.0)	(214, 1.0)	(216, 0.0)	(218, 0.0)	(220, 0.0)	(222, 0.0)	(224, 0.0)	(226, 0.0)	(228, 0.0)	(230, 0.0)	(232, 0.0)	(234, 0.0)	(236, 1.0)	(238, 0.0)	(240, 0.0)	(242, 0.0)	(244, 0.0)	(246, 7.0)	(248, 140.0)	(250, 80386.0)																	
SRR8438150	(249, 1.0)	(250, 11.0)	(251, 6.0)																																													
SRR8438150_1	(240, 1.0)	(241, 1.0)	(242, 1.0)	(243, 0.0)	(244, 2.0)	(245, 0.0)	(246, 0.0)	(247, 3.0)	(248, 87.0)	(249, 1158.0)	(250, 56192.0)	(251, 3919.0)																																				
SRR8438150_2	(188, 1.0)	(190, 0.0)	(192, 1.0)	(194, 1.0)	(196, 1.0)	(198, 0.0)	(200, 0.0)	(202, 0.0)	(204, 0.0)	(206, 1.0)	(208, 1.0)	(210, 0.0)	(212, 0.0)	(214, 0.0)	(216, 1.0)	(218, 0.0)	(220, 0.0)	(222, 2.0)	(224, 0.0)	(226, 1.0)	(228, 1.0)	(230, 0.0)	(232, 0.0)	(234, 0.0)	(236, 0.0)	(238, 0.0)	(240, 2.0)	(242, 0.0)	(244, 1.0)	(246, 5.0)	(248, 126.0)	(250, 61219.0)																
SRR8438151	(250, 7.0)	(251, 3.0)																																														
SRR8438151_1	(242, 1.0)	(243, 0.0)	(244, 0.0)	(245, 0.0)	(246, 0.0)	(247, 4.0)	(248, 50.0)	(249, 604.0)	(250, 20678.0)	(251, 2295.0)																																						
SRR8438151_2	(192, 1.0)	(194, 0.0)	(196, 0.0)	(198, 1.0)	(200, 1.0)	(202, 1.0)	(204, 0.0)	(206, 0.0)	(208, 1.0)	(210, 0.0)	(212, 0.0)	(214, 0.0)	(216, 1.0)	(218, 2.0)	(220, 0.0)	(222, 0.0)	(224, 0.0)	(226, 0.0)	(228, 0.0)	(230, 0.0)	(232, 0.0)	(234, 1.0)	(236, 0.0)	(238, 0.0)	(240, 0.0)	(242, 1.0)	(244, 0.0)	(246, 3.0)	(248, 92.0)	(250, 23527.0)																		
SRR8438152	(250, 2.0)	(251, 1.0)																																														
SRR8438152_1	(246, 1.0)	(247, 21.0)	(248, 37.0)	(249, 229.0)	(250, 9468.0)	(251, 2148.0)																																										
SRR8438152_2	(247, 7.0)	(248, 30.0)	(249, 69.0)	(250, 277.0)	(251, 11521.0)																																											
SRR8438153	(250, 4.0)	(251, 1.0)																																														
SRR8438153_1	(247, 4.0)	(248, 28.0)	(249, 155.0)	(250, 6437.0)	(251, 9691.0)																																											
SRR8438153_2	(214, 1.0)	(215, 1.0)	(216, 0.0)	(217, 0.0)	(218, 0.0)	(219, 0.0)	(220, 0.0)	(221, 0.0)	(222, 0.0)	(223, 0.0)	(224, 0.0)	(225, 0.0)	(226, 0.0)	(227, 0.0)	(228, 0.0)	(229, 0.0)	(230, 0.0)	(231, 0.0)	(232, 0.0)	(233, 0.0)	(234, 0.0)	(235, 0.0)	(236, 0.0)	(237, 0.0)	(238, 0.0)	(239, 0.0)	(240, 0.0)	(241, 0.0)	(242, 0.0)	(243, 0.0)	(244, 0.0)	(245, 0.0)	(246, 1.0)	(247, 2.0)	(248, 18.0)	(249, 70.0)	(250, 223.0)	(251, 15999.0)										
SRR8438154	(250, 30.0)	(251, 9.0)																																														
SRR8438154_1	(242, 1.0)	(243, 2.0)	(244, 0.0)	(245, 1.0)	(246, 2.0)	(247, 8.0)	(248, 187.0)	(249, 1819.0)	(250, 162185.0)	(251, 5236.0)																																						
SRR8438154_2	(190, 1.0)	(192, 1.0)	(194, 1.0)	(196, 0.0)	(198, 2.0)	(200, 2.0)	(202, 1.0)	(204, 1.0)	(206, 0.0)	(208, 1.0)	(210, 0.0)	(212, 0.0)	(214, 1.0)	(216, 0.0)	(218, 0.0)	(220, 0.0)	(222, 0.0)	(224, 0.0)	(226, 0.0)	(228, 0.0)	(230, 0.0)	(232, 0.0)	(234, 0.0)	(236, 0.0)	(238, 0.0)	(240, 0.0)	(242, 1.0)	(244, 0.0)	(246, 6.0)	(248, 222.0)	(250, 169201.0)																	
SRR8438155	(247, 1.0)	(248, 0.0)	(249, 0.0)	(250, 7.0)	(251, 17.0)																																											
SRR8438155_1	(237, 1.0)	(238, 0.0)	(239, 0.0)	(240, 1.0)	(241, 1.0)	(242, 0.0)	(243, 0.0)	(244, 1.0)	(245, 4.0)	(246, 21.0)	(247, 121.0)	(248, 637.0)	(249, 4081.0)	(250, 62481.0)	(251, 40461.0)																																	
SRR8438155_2	(205, 1.0)	(206, 2.0)	(207, 0.0)	(208, 1.0)	(209, 0.0)	(210, 0.0)	(211, 0.0)	(212, 0.0)	(213, 0.0)	(214, 0.0)	(215, 0.0)	(216, 0.0)	(217, 0.0)	(218, 0.0)	(219, 0.0)	(220, 1.0)	(221, 1.0)	(222, 0.0)	(223, 1.0)	(224, 0.0)	(225, 0.0)	(226, 0.0)	(227, 2.0)	(228, 0.0)	(229, 0.0)	(230, 0.0)	(231, 0.0)	(232, 0.0)	(233, 0.0)	(234, 0.0)	(235, 0.0)	(236, 0.0)	(237, 1.0)	(238, 0.0)	(239, 0.0)	(240, 0.0)	(241, 0.0)	(242, 0.0)	(243, 0.0)	(244, 1.0)	(245, 10.0)	(246, 24.0)	(247, 180.0)	(248, 897.0)	(249, 2084.0)	(250, 9212.0)	(251, 95392.0)	
SRR8438156	(249, 2.0)	(250, 10.0)	(251, 1.0)																																													
SRR8438156_1	(239, 1.0)	(240, 1.0)	(241, 1.0)	(242, 1.0)	(243, 0.0)	(244, 0.0)	(245, 0.0)	(246, 2.0)	(247, 5.0)	(248, 134.0)	(249, 1841.0)	(250, 91322.0)	(251, 9091.0)																																			
SRR8438156_2	(190, 1.0)	(192, 0.0)	(194, 1.0)	(196, 0.0)	(198, 0.0)	(200, 0.0)	(202, 0.0)	(204, 1.0)	(206, 1.0)	(208, 0.0)	(210, 0.0)	(212, 0.0)	(214, 0.0)	(216, 0.0)	(218, 0.0)	(220, 0.0)	(222, 0.0)	(224, 1.0)	(226, 0.0)	(228, 0.0)	(230, 1.0)	(232, 0.0)	(234, 1.0)	(236, 0.0)	(238, 1.0)	(240, 3.0)	(242, 0.0)	(244, 1.0)	(246, 11.0)	(248, 277.0)	(250, 102099.0)																	
SRR8438157	(248, 1.0)	(249, 4.0)	(250, 27.0)	(251, 46.0)																																												
SRR8438157_1	(240, 3.0)	(241, 6.0)	(242, 1.0)	(243, 0.0)	(244, 4.0)	(245, 10.0)	(246, 47.0)	(247, 358.0)	(248, 1641.0)	(249, 6703.0)	(250, 53781.0)	(251, 71472.0)																																				
SRR8438157_2	(190, 1.0)	(192, 2.0)	(194, 1.0)	(196, 0.0)	(198, 0.0)	(200, 0.0)	(202, 2.0)	(204, 0.0)	(206, 1.0)	(208, 0.0)	(210, 0.0)	(212, 0.0)	(214, 0.0)	(216, 0.0)	(218, 0.0)	(220, 1.0)	(222, 0.0)	(224, 1.0)	(226, 0.0)	(228, 0.0)	(230, 2.0)	(232, 1.0)	(234, 0.0)	(236, 0.0)	(238, 1.0)	(240, 2.0)	(242, 4.0)	(244, 26.0)	(246, 568.0)	(248, 7513.0)	(250, 125900.0)																	
SRR8438158	(249, 3.0)	(250, 19.0)	(251, 6.0)																																													
SRR8438158_1	(238, 1.0)	(239, 1.0)	(240, 0.0)	(241, 1.0)	(242, 1.0)	(243, 1.0)	(244, 1.0)	(245, 1.0)	(246, 9.0)	(247, 13.0)	(248, 327.0)	(249, 2398.0)	(250, 83822.0)	(251, 9495.0)																																		
SRR8438158_2	(190, 1.0)	(192, 1.0)	(194, 2.0)	(196, 1.0)	(198, 2.0)	(200, 1.0)	(202, 2.0)	(204, 3.0)	(206, 0.0)	(208, 2.0)	(210, 1.0)	(212, 2.0)	(214, 1.0)	(216, 0.0)	(218, 0.0)	(220, 1.0)	(222, 1.0)	(224, 1.0)	(226, 1.0)	(228, 1.0)	(230, 1.0)	(232, 0.0)	(234, 0.0)	(236, 1.0)	(238, 1.0)	(240, 1.0)	(242, 0.0)	(244, 12.0)	(246, 41.0)	(248, 469.0)	(250, 95521.0)																	
