Sample	fastqc-percent_duplicates	fastqc-percent_gc	fastqc-avg_sequence_length	fastqc-median_sequence_length	fastqc-percent_fails	fastqc-total_sequences
SRR8438042	0.0	47.0	250.14814814814815	250	40.0	2.7e-05
SRR8438042_1	86.82909550137839	52.0	250.11107175309175	250	40.0	0.064931
SRR8438042_2	73.77215813709938	54.0	250.47452680537802	250	50.0	0.064931
SRR8438043	0.0	47.0	251.0	251	30.0	1e-06
SRR8438043_1	90.23686920700308	54.0	250.03171987641608	250	40.0	0.004855
SRR8438043_2	82.94541709577754	55.0	250.99588053553038	251	40.0	0.004855
SRR8438044	0.0	46.0	250.22222222222223	250	40.0	2.7e-05
SRR8438044_1	94.48824547713227	52.0	250.08155064625208	250	40.0	0.11148899999999999
SRR8438044_2	88.15847303321404	53.0	250.48297589896762	250	40.0	0.11148899999999999
SRR8438045	0.0	49.0	251.0	251	30.0	1e-06
SRR8438045_1	89.70392793857059	52.0	250.39456585942114	250	40.0	0.027087999999999997
SRR8438045_2	78.58461311281748	53.0	250.4785883047844	250	50.0	0.027087999999999997
SRR8438046	0.0	50.0	250.5	250	50.0	4e-06
SRR8438046_1	86.57564989713859	51.0	250.5636057602394	251	40.0	0.026735
SRR8438046_2	69.8821769216383	54.0	250.43873199925193	250	50.0	0.026735
SRR8438047	0.0	46.0	250.71428571428572	251	40.0	7e-06
SRR8438047_1	92.13036565977742	51.0	250.06332803391626	250	40.0	0.030192
SRR8438047_2	84.61512983571807	52.0	250.98552596714362	251	40.0	0.030192
SRR8438048	0.0	46.0	250.26666666666668	250	40.0	1.4999999999999999e-05
SRR8438048_1	96.36847576508757	50.0	250.01562732039434	250	40.0	0.08753899999999999
SRR8438048_2	91.518066233336	51.0	250.49415117833195	250	40.0	0.08753899999999999
SRR8438049	0.0	46.0	250.1	250	40.0	1.9999999999999998e-05
SRR8438049_1	93.79889516875818	51.0	250.0873886387585	250	40.0	0.125268
SRR8438049_2	87.2696937765431	52.0	250.4916499026088	250	40.0	0.125268
SRR8438050	0.0	44.0	250.1764705882353	250	40.0	1.7e-05
SRR8438050_1	93.56178608515057	50.0	250.03921772239528	250	40.0	0.02889
SRR8438050_2	90.79612322602976	51.0	250.4797853928695	250	50.0	0.02889
SRR8438051	0.0	46.0	250.23529411764707	250	40.0	1.7e-05
SRR8438051_1	96.27570167556425	53.0	250.00917596067444	250	40.0	0.094595
SRR8438051_2	90.85786775199534	54.0	250.49162746445373	250	40.0	0.094595
SRR8438052	1.0638297872340416	45.0	250.2340425531915	250	40.0	9.4e-05
SRR8438052_1	91.83542744518354	51.0	250.1159117305459	250	40.0	0.142065
SRR8438052_2	81.84633794389892	52.0	250.4764614789005	250	40.0	0.142065
SRR8438053	0.0	45.0	250.25	250	40.0	1.2e-05
SRR8438053_1	90.5510146561443	47.0	250.49496195039458	251	40.0	0.028384
SRR8438053_2	84.97040586245772	48.0	250.46455749718152	250	40.0	0.028384
SRR8438054	0.0	48.0	248.0	248	30.0	1e-06
SRR8438054_1	74.13503527040645	49.0	250.41887806516627	251	60.0	0.002977
SRR8438054_2	59.825327510917035	53.0	250.83439704400402	251	50.0	0.002977
SRR8438055	0.0	46.0	250.36	250	40.0	2.4999999999999998e-05
SRR8438055_1	94.20995101412899	53.0	250.10984980365168	250	40.0	0.12350499999999999
SRR8438055_2	86.83292174405895	54.0	250.49017043844378	250	40.0	0.12350499999999999
SRR8438056	0.0	48.0	249.8	250	40.0	4.9999999999999996e-06
SRR8438056_1	90.76147337834374	51.0	250.09437227587387	250	40.0	0.046804
SRR8438056_2	82.42244252627981	53.0	250.9772028031792	251	40.0	0.046804
SRR8438057	0.0	47.0	250.11764705882354	250	40.0	1.7e-05
SRR8438057_1	93.9887837364178	51.0	250.1118238111929	250	40.0	0.08559
SRR8438057_2	89.1541067881762	52.0	250.48693772636992	250	40.0	0.08559
SRR8438058	0.0	46.0	250.64705882352942	251	40.0	1.7e-05
SRR8438058_1	93.89845309381238	52.0	250.44711826347304	251	40.0	0.08016
SRR8438058_2	86.23378243512974	53.0	250.48368263473054	250	50.0	0.08016
SRR8438059	0.0	46.0	250.26666666666668	250	40.0	1.4999999999999999e-05
SRR8438059_1	90.49006953408002	51.0	250.0982012740975	250	40.0	0.048034
SRR8438059_2	82.64978973227298	52.0	250.4888412374568	250	40.0	0.048034
SRR8438060	0.0	46.0	250.66666666666666	251	50.0	6e-06
SRR8438060_1	83.07684000215994	49.0	250.58982666450672	251	60.0	0.018519
SRR8438060_2	56.29893622765808	53.0	250.37601922350018	250	60.0	0.018519
SRR8438061	0.0	47.0	250.1875	250	40.0	3.2e-05
SRR8438061_1	91.47031236676804	52.0	250.11059318420828	250	40.0	0.070366
SRR8438061_2	84.3958730068499	53.0	250.48595912798794	250	40.0	0.070366
SRR8438062	0.0	48.0	250.25	250	50.0	4e-06
SRR8438062_1	87.45667601914508	48.0	250.30192000880234	250	60.0	0.036354
SRR8438062_2	70.59195686857018	51.0	250.89098861198218	251	50.0	0.036354
SRR8438063	0.0	47.0	250.57142857142858	251	40.0	1.4e-05
SRR8438063_1	95.23698734602608	52.0	250.75944524151123	251	40.0	0.07736699999999999
SRR8438063_2	89.87035816304109	54.0	250.98934946424185	251	50.0	0.07736699999999999
SRR8438064	0.0	46.0	251.0	251	50.0	4e-06
SRR8438064_1	92.11478982145368	51.0	250.50701180936315	251	40.0	0.056903999999999996
SRR8438064_2	80.09981723604668	53.0	250.4512160832279	250	50.0	0.056903999999999996
SRR8438065	0.0	47.0	250.23076923076923	251	40.0	1.3e-05
SRR8438065_1	96.46323013910926	52.0	250.71288882329065	251	40.0	0.108404
SRR8438065_2	89.001328364267	54.0	250.48931773735288	250	50.0	0.108404
SRR8438066	0.0	47.0	250.1818181818182	250	40.0	2.2e-05
SRR8438066_1	96.66536132783082	54.0	250.185378196825	250	40.0	0.132788
SRR8438066_2	87.45820405458325	56.0	250.4832816218333	250	50.0	0.132788
SRR8438067	0.0	48.0	250.6	251	40.0	4.9999999999999996e-06
SRR8438067_1	92.64591075164725	52.0	250.58451737813448	251	40.0	0.032022999999999996
SRR8438067_2	82.57502420135528	53.0	250.48095119133123	250	50.0	0.032022999999999996
SRR8438068_1	84.1160787530763	52.0	250.21923707957342	250	40.0	0.009752
SRR8438068_2	76.91755537325676	54.0	250.94667760459393	251	50.0	0.009752
SRR8438069	0.0	46.0	250.2941176470588	250	40.0	1.7e-05
SRR8438069_1	93.67998788979716	52.0	250.05949137148048	250	40.0	0.026424
SRR8438069_2	90.49349076597034	52.0	250.474795640327	250	40.0	0.026424
SRR8438070	0.0	47.0	250.33333333333334	251	30.0	1.4999999999999999e-05
SRR8438070_1	95.48018590130202	53.0	250.7801587020021	251	40.0	0.084561
SRR8438070_2	86.5233381819042	54.0	250.48533602961177	250	50.0	0.084561
SRR8438071	0.0	47.0	250.36363636363637	250	40.0	3.2999999999999996e-05
SRR8438071_1	95.03119967793882	52.0	250.43662439613527	250	40.0	0.09935999999999999
SRR8438071_2	86.03764090177134	54.0	250.4835346215781	250	50.0	0.09935999999999999
SRR8438072	0.0	48.0	250.5	251	40.0	1.9999999999999998e-05
SRR8438072_1	96.80711364574344	52.0	250.45145387010842	250	40.0	0.133265
SRR8438072_2	90.98112782801185	54.0	250.49074025438037	250	50.0	0.133265
SRR8438073	0.0	47.0	250.21428571428572	250	40.0	1.4e-05
SRR8438073_1	96.12040375779357	53.0	250.49773881164	251	40.0	0.082921
SRR8438073_2	91.29532928932358	55.0	250.48217580588752	250	50.0	0.082921
SRR8438074	0.0	47.0	250.25	250	40.0	8e-06
SRR8438074_1	97.58455913294743	50.0	250.10857794776365	250	40.0	0.10693699999999999
SRR8438074_2	91.12000523672816	52.0	250.48975097487306	250	50.0	0.10693699999999999
SRR8438075	0.0	46.0	251.0	251	40.0	3e-06
SRR8438075_1	78.34969276195037	50.0	250.3903918282659	251	60.0	0.012530999999999999
SRR8438075_2	61.15234219136541	54.0	250.38907509376745	250	50.0	0.012530999999999999
SRR8438076	0.0	48.0	250.5	250	40.0	6e-06
SRR8438076_1	94.52308506416193	52.0	250.64247181431995	251	40.0	0.068031
SRR8438076_2	86.76338727932854	54.0	250.4785097970043	250	50.0	0.068031
SRR8438077	0.0	47.0	250.52	251	40.0	2.4999999999999998e-05
SRR8438077_1	91.60077706423154	52.0	250.5921650147865	251	40.0	0.080817
SRR8438077_2	74.94957744039002	54.0	250.45085192471882	250	50.0	0.080817
SRR8438078	0.0	47.0	250.26666666666668	250	40.0	1.4999999999999999e-05
SRR8438078_1	92.50127984362638	52.0	250.35428398566575	250	40.0	0.085948
SRR8438078_2	80.74417089402894	54.0	250.46940010238748	250	50.0	0.085948
SRR8438079	0.0	46.0	250.5	251	40.0	9.999999999999999e-06
SRR8438079_1	96.87920190847973	52.0	250.8709499024073	251	40.0	0.09222
SRR8438079_2	91.80112773801778	54.0	250.49141184124917	250	50.0	0.09222
SRR8438080	0.0	47.0	250.2	251	40.0	1.4999999999999999e-05
SRR8438080_1	96.31906091018865	52.0	250.84885286141298	251	40.0	0.101034
SRR8438080_2	91.01094680998476	54.0	250.48948868697667	250	50.0	0.101034
SRR8438081	0.0	46.0	250.1219512195122	250	30.0	4.1e-05
SRR8438081_1	95.42156818893412	51.0	250.39606387261261	250	40.0	0.111785
SRR8438081_2	88.56018249317887	52.0	250.48166122467237	250	50.0	0.111785
SRR8438082	0.0	48.0	250.3684210526316	251	40.0	1.8999999999999998e-05
SRR8438082_1	95.66624572436922	52.0	250.7115318675621	251	40.0	0.119573
SRR8438082_2	90.88422971741112	54.0	250.48814113554064	250	50.0	0.119573
SRR8438083	0.0	47.0	250.03703703703704	250	40.0	2.7e-05
SRR8438083_1	97.15894569348602	54.0	250.447841177974	250	40.0	0.121293
SRR8438083_2	91.80331923524028	56.0	250.48679231282927	250	50.0	0.121293
SRR8438084_1	88.95488043782456	52.0	250.25762616996798	250	40.0	0.032159
SRR8438084_2	75.88544419913555	55.0	250.4452097391088	250	50.0	0.032159
SRR8438085	0.0	45.0	250.0	250	40.0	2e-06
SRR8438085_1	88.06914289686493	50.0	250.48437101744793	251	60.0	0.043157
SRR8438085_2	67.34712792826193	53.0	250.4186227031536	250	60.0	0.043157
SRR8438086	0.0	46.0	250.0	250	30.0	1e-06
SRR8438086_1	91.50851876553689	53.0	250.19702297944582	250	40.0	0.032986
SRR8438086_2	71.72436791366034	56.0	250.9757472867277	251	50.0	0.032986
SRR8438087	0.0	47.0	250.45454545454547	251	40.0	1.1e-05
SRR8438087_1	95.50318562825103	52.0	250.72373780381454	251	40.0	0.097469
SRR8438087_2	86.95380069560578	54.0	250.48600580697453	250	50.0	0.097469
SRR8438088	0.0	47.0	250.40740740740742	251	40.0	2.7e-05
SRR8438088_1	96.55700232662558	52.0	250.78843014000572	251	40.0	0.097996
SRR8438088_2	91.41699661210662	54.0	250.48928527695008	250	50.0	0.097996
SRR8438089	0.0	45.0	250.7	251	40.0	9.999999999999999e-06
SRR8438089_1	94.5575976329908	52.0	250.58317066283624	251	40.0	0.081453
SRR8438089_2	86.29516408235425	53.0	250.47549507077701	250	50.0	0.081453
SRR8438090	0.0	47.0	250.79166666666666	251	40.0	2.4e-05
SRR8438090_1	95.70728933800251	52.0	250.70615219610528	251	40.0	0.077387
SRR8438090_2	90.42733275614768	54.0	250.48865442516185	250	50.0	0.077387
SRR8438091	0.0	48.0	250.28571428571428	251	40.0	7e-06
SRR8438091_1	96.93695861405197	53.0	250.465760346487	250	40.0	0.08312
SRR8438091_2	91.59648700673725	54.0	250.49160250240615	250	50.0	0.08312
SRR8438092	0.0	49.0	251.0	251	40.0	2e-06
SRR8438092_1	94.22965621020951	52.0	250.2302002546591	250	40.0	0.08639
SRR8438092_2	82.90890149322838	54.0	250.48527607361964	250	50.0	0.08639
SRR8438093	0.0	48.0	250.0	250	30.0	1e-06
SRR8438093_1	89.96068944662836	51.0	250.4113496623324	251	40.0	0.009921
SRR8438093_2	81.54419917347042	53.0	250.4739945570003	250	50.0	0.009921
SRR8438094	0.0	46.0	250.5142857142857	251	30.0	3.5e-05
SRR8438094_1	96.52491326409529	50.0	250.31275780623142	250	40.0	0.088487
SRR8438094_2	90.09911060381751	51.0	250.48567021144348	250	50.0	0.088487
SRR8438095	3.448275862068968	47.0	250.27586206896552	251	40.0	2.9e-05
SRR8438095_1	95.5413869491392	53.0	250.69859101080638	251	40.0	0.088929
SRR8438095_2	89.0631852376615	54.0	250.48893499308437	250	50.0	0.088929
SRR8438096	0.0	46.0	250.33333333333334	251	40.0	9e-06
SRR8438096_1	91.40534590307375	50.0	250.39563634310875	251	40.0	0.035428999999999995
SRR8438096_2	82.83044963165769	52.0	250.43914589742866	250	50.0	0.035428999999999995
SRR8438097	0.0	46.0	250.5	251	40.0	9.999999999999999e-06
SRR8438097_1	88.51391541182731	46.0	250.3172839119682	251	50.0	0.031943
SRR8438097_2	78.633816485615	50.0	250.3826033872836	250	50.0	0.031943
SRR8438098	0.0	47.0	250.06666666666666	250	40.0	1.4999999999999999e-05
SRR8438098_1	90.323873886773	53.0	250.08874316313967	250	40.0	0.069842
SRR8438098_2	81.60848772944647	54.0	250.48525242690644	250	50.0	0.069842
SRR8438099	5.714285714285722	47.0	250.45714285714286	251	40.0	3.5e-05
SRR8438099_1	97.3673190426902	52.0	250.33598287019112	250	40.0	0.12656299999999998
SRR8438099_2	89.96389150067556	54.0	250.49097682577056	250	50.0	0.12656299999999998
SRR8438100	0.0	48.0	250.23809523809524	251	40.0	2.1e-05
SRR8438100_1	95.2467955925343	51.0	250.41398695749945	250	40.0	0.10672799999999999
SRR8438100_2	89.97826249906304	53.0	250.47655722959297	250	50.0	0.10672799999999999
SRR8438101	0.0	48.0	250.52380952380952	251	40.0	2.1e-05
SRR8438101_1	95.42357922711541	52.0	250.4335848794661	250	40.0	0.100843
SRR8438101_2	90.19267574348244	54.0	250.48810031435002	250	50.0	0.100843
SRR8438102	0.0	48.0	250.57142857142858	251	40.0	7e-06
SRR8438102_1	95.65918367346939	52.0	250.55325510204082	251	40.0	0.09799999999999999
SRR8438102_2	86.71224489795918	54.0	250.4901632653061	250	50.0	0.09799999999999999
SRR8438103	4.0	46.0	250.42	251	30.0	4.9999999999999996e-05
SRR8438103_1	93.12315576952943	52.0	250.515576952943	251	40.0	0.09658499999999999
SRR8438103_2	85.0163068799503	54.0	250.4801832582699	250	50.0	0.09658499999999999
SRR8438104	0.0	45.0	250.4	250	40.0	4.9999999999999996e-06
SRR8438104_1	86.66534339023423	52.0	250.2559745930925	250	40.0	0.02519
SRR8438104_2	75.54188169908694	55.0	250.4613338626439	250	40.0	0.02519
SRR8438105	0.0	46.0	250.33333333333334	250	40.0	9e-06
SRR8438105_1	85.46545921376774	52.0	250.44502272648415	251	40.0	0.028821
SRR8438105_2	68.89420908365427	54.0	250.4374067520211	250	50.0	0.028821
SRR8438106	0.0	47.0	250.26666666666668	250	40.0	1.4999999999999999e-05
SRR8438106_1	97.25198851082634	51.0	250.3523714832818	250	40.0	0.108624
SRR8438106_2	93.77393577846516	52.0	250.99252467226395	251	50.0	0.108624
SRR8438107	0.0	46.0	250.35714285714286	250	40.0	1.4e-05
SRR8438107_1	94.02985074626866	52.0	250.52568473818502	251	40.0	0.088574
SRR8438107_2	85.44719669428952	54.0	250.47897802967012	250	50.0	0.088574
SRR8438108	9.090909090909093	47.0	250.0	250	40.0	1.1e-05
SRR8438108_1	91.11991668571719	52.0	250.2236404277477	250	40.0	0.078738
SRR8438108_2	75.69280398282913	54.0	250.46545505346847	250	50.0	0.078738
SRR8438109	0.0	46.0	250.0909090909091	250	40.0	1.1e-05
SRR8438109_1	94.2213692704081	52.0	250.2312512591053	250	40.0	0.094313
SRR8438109_2	83.07444360798617	54.0	250.48333209631758	250	50.0	0.094313
SRR8438110	0.0	46.0	250.66666666666666	251	40.0	3e-06
SRR8438110_1	91.31533993850358	52.0	250.02791253843526	250	40.0	0.058539999999999995
SRR8438110_2	83.19268875982235	53.0	250.98824735223778	251	40.0	0.058539999999999995
SRR8438111	0.0	47.0	250.25	250	40.0	1.9999999999999998e-05
SRR8438111_1	94.41757901659639	52.0	250.02390808155053	250	40.0	0.07754699999999999
SRR8438111_2	85.36629398945156	54.0	250.49143745083626	250	40.0	0.07754699999999999
SRR8438112	0.0	47.0	250.42857142857142	250	40.0	7e-06
SRR8438112_1	90.37955160999097	52.0	250.2255303942221	250	40.0	0.053168
SRR8438112_2	74.47900993078544	55.0	250.4714489918748	250	50.0	0.053168
SRR8438113	0.0	46.0	250.30769230769232	250	40.0	1.3e-05
SRR8438113_1	91.30263203047252	53.0	250.2328849387461	250	40.0	0.058282
SRR8438113_2	78.64692357846333	55.0	250.46691946055387	250	50.0	0.058282
SRR8438114	0.0	46.0	250.16666666666666	250	40.0	1.2e-05
SRR8438114_1	94.66220877779547	53.0	250.2260149657698	250	40.0	0.094215
SRR8438114_2	85.91519397123601	54.0	250.48781510375207	250	50.0	0.094215
SRR8438115	0.0	47.0	249.9	250	40.0	9.999999999999999e-06
SRR8438115_1	92.62184916569458	53.0	250.18277374854188	250	40.0	0.078868
SRR8438115_2	79.1157376882893	55.0	250.48288279149972	250	40.0	0.078868
SRR8438116	0.0	47.0	250.25	250	40.0	4e-06
SRR8438116_1	90.80685920577618	52.0	250.18028880866427	250	40.0	0.0554
SRR8438116_2	78.12274368231047	54.0	250.95947653429602	251	40.0	0.0554
SRR8438117	0.0	49.0	250.66666666666666	251	40.0	3e-06
SRR8438117_1	85.69896437309382	52.0	250.2064550725609	250	40.0	0.029837
SRR8438117_2	69.66182927237993	55.0	250.93370647183028	251	40.0	0.029837
SRR8438118	0.0	47.0	249.57142857142858	250	40.0	7e-06
SRR8438118_1	84.56937029652023	51.0	250.2037692159259	250	40.0	0.015547
SRR8438118_2	73.0301665916254	53.0	250.4707982247379	250	40.0	0.015547
SRR8438119	0.0	43.0	250.08333333333334	250	40.0	1.2e-05
SRR8438119_1	94.43097620104483	50.0	250.02755488783419	250	40.0	0.029286999999999997
SRR8438119_2	90.82186635708676	51.0	250.48340560658312	250	50.0	0.029286999999999997
SRR8438120	0.0	45.0	250.0	250	40.0	9.999999999999999e-06
SRR8438120_1	94.49483231385784	50.0	250.02190114603107	250	40.0	0.028446
SRR8438120_2	91.62975462279407	51.0	250.4676580187021	250	40.0	0.028446
SRR8438121	0.0	45.0	250.1315789473684	250	40.0	3.7999999999999995e-05
SRR8438121_1	96.57995680624053	50.0	250.02200517895324	250	40.0	0.093069
SRR8438121_2	94.07214002514263	51.0	250.48156206685363	250	40.0	0.093069
SRR8438122	0.0	44.0	250.21428571428572	250	40.0	1.4e-05
SRR8438122_1	91.97889962532045	51.0	250.05496943403668	250	40.0	0.020284
SRR8438122_2	86.65943600867679	52.0	250.47958982449222	250	50.0	0.020284
SRR8438123	0.0	46.0	250.11363636363637	250	40.0	4.4e-05
SRR8438123_1	93.61068226754422	52.0	250.21094589348428	250	40.0	0.110763
SRR8438123_2	83.25975280553976	54.0	250.47065807173877	250	40.0	0.110763
SRR8438124	0.0	46.0	250.38888888888889	250	40.0	1.8e-05
SRR8438124_1	93.65451190945086	52.0	250.21868197931136	250	40.0	0.096478
SRR8438124_2	84.58508675552976	53.0	250.46378448972823	250	40.0	0.096478
SRR8438125	0.0	46.0	250.24285714285713	250	30.0	7e-05
SRR8438125_1	96.75212095717235	52.0	250.2186731768522	250	40.0	0.411253
SRR8438125_2	90.27532929850967	53.0	250.47334973848214	250	40.0	0.411253
SRR8438126	0.0	47.0	250.05	250	40.0	1.9999999999999998e-05
SRR8438126_1	95.70209891676882	53.0	250.3896880394266	250	40.0	0.079946
SRR8438126_2	88.08946038576039	55.0	250.48736647236885	250	50.0	0.079946
SRR8438127	6.25	46.0	250.5	251	40.0	1.6e-05
SRR8438127_1	95.68589601962859	52.0	250.37708292149725	250	40.0	0.08599699999999999
SRR8438127_2	89.40195588218194	54.0	250.4863948742398	250	50.0	0.08599699999999999
SRR8438128_1	59.33147632311977	51.0	250.24512534818942	250	40.0	0.000359
SRR8438128_2	51.25348189415042	52.0	250.941504178273	251	50.0	0.000359
SRR8438129	0.0	46.0	250.0	250	40.0	3e-06
SRR8438129_1	87.69823885043371	50.0	250.4437045474459	251	50.0	0.022826
SRR8438129_2	70.7176027337247	51.0	250.87742048541136	251	50.0	0.022826
SRR8438130	0.0	47.0	250.47058823529412	251	40.0	1.7e-05
SRR8438130_1	91.35131201397263	52.0	250.45989104670022	250	40.0	0.096188
SRR8438130_2	83.63413315590302	54.0	250.4878571131534	250	50.0	0.096188
SRR8438131	0.0	45.0	250.33333333333334	250	40.0	9e-06
SRR8438131_1	94.03154601174403	52.0	250.03653936822255	250	40.0	0.046661999999999995
SRR8438131_2	85.59641678453559	54.0	250.48872744417298	250	40.0	0.046661999999999995
SRR8438132	0.0	47.0	250.12	250	40.0	2.4999999999999998e-05
SRR8438132_1	95.367560357992	52.0	250.03151759998454	250	40.0	0.10346599999999999
SRR8438132_2	88.6996694566331	54.0	250.4882280169331	250	40.0	0.10346599999999999
SRR8438133	0.0	46.0	249.75	249	40.0	4e-06
SRR8438133_1	93.33722969023962	53.0	250.4075360126517	250	40.0	0.029087
SRR8438133_2	83.14023446900677	55.0	250.48645442981402	250	50.0	0.029087
SRR8438134	0.0	46.0	249.75	250	50.0	4e-06
SRR8438134_1	81.82001886029907	50.0	250.21891418563922	250	40.0	0.014846
SRR8438134_2	68.29449009834299	52.0	250.91485922133907	251	50.0	0.014846
SRR8438135	0.0	44.0	250.33333333333334	250	40.0	6e-06
SRR8438135_1	79.75590342265853	51.0	250.18271866985054	250	40.0	0.011307
SRR8438135_2	66.89661271778544	53.0	250.9393296188202	251	50.0	0.011307
SRR8438136	0.0	44.0	250.5	250	40.0	2e-06
SRR8438136_1	82.81333690412427	50.0	250.17655329405463	250	40.0	0.014936
SRR8438136_2	67.34065345474022	53.0	250.89983931440815	251	50.0	0.014936
SRR8438137	0.0	44.0	250.0	250	40.0	8e-06
SRR8438137_1	87.3964146795197	52.0	250.09584813123627	250	40.0	0.023652
SRR8438137_2	73.7104684593269	54.0	250.96389311686116	251	50.0	0.023652
SRR8438138	3.448275862068968	47.0	250.13793103448276	250	30.0	2.9e-05
SRR8438138_1	93.66496422095807	52.0	250.06568949051197	250	40.0	0.072249
SRR8438138_2	84.03299699649823	54.0	250.48189594319643	250	40.0	0.072249
SRR8438139	0.0	45.0	250.1904761904762	250	40.0	2.1e-05
SRR8438139_1	86.21663416930008	53.0	250.1505412492436	250	40.0	0.029745999999999998
SRR8438139_2	80.57890136488939	54.0	250.4666509782828	250	50.0	0.029745999999999998
SRR8438140	0.0	45.0	250.1764705882353	250	40.0	3.4e-05
SRR8438140_1	92.11715895721098	52.0	250.03449129977088	250	40.0	0.032298
SRR8438140_2	88.7237599851384	53.0	250.4458790017958	250	50.0	0.032298
SRR8438141	0.0	46.0	250.29166666666666	250	40.0	2.4e-05
SRR8438141_1	96.95262504634331	51.0	250.11319857504392	250	40.0	0.12407399999999999
SRR8438141_2	89.27494882086496	52.0	250.48389670680402	250	50.0	0.12407399999999999
SRR8438142	0.0	46.0	250.42857142857142	250	40.0	7e-06
SRR8438142_1	86.86512938385111	53.0	250.1640839326759	250	40.0	0.026973999999999998
SRR8438142_2	80.34403499666345	54.0	250.47315933862237	250	50.0	0.026973999999999998
SRR8438143	0.0	45.0	250.375	250	40.0	8e-06
SRR8438143_1	85.56894145302284	54.0	250.1956952912657	250	40.0	0.027226
SRR8438143_2	80.06684786601043	55.0	250.48405935502828	250	50.0	0.027226
SRR8438144	0.0	45.0	249.94736842105263	250	40.0	1.8999999999999998e-05
SRR8438144_1	82.1212228559283	54.0	250.2279216408658	250	40.0	0.028228999999999997
SRR8438144_2	75.51454178327252	55.0	250.46882638421482	250	50.0	0.028228999999999997
SRR8438145	0.0	47.0	250.38095238095238	250	40.0	2.1e-05
SRR8438145_1	95.92375883055126	53.0	250.41546153695623	250	40.0	0.102202
SRR8438145_2	87.59711160251267	54.0	250.4835423964306	250	50.0	0.102202
SRR8438146	0.0	47.0	250.30769230769232	250	40.0	1.3e-05
SRR8438146_1	96.2670736194991	53.0	250.3143169469879	250	40.0	0.09239399999999999
SRR8438146_2	87.61932593025521	54.0	250.49025910773426	250	50.0	0.09239399999999999
SRR8438147	0.0	48.0	250.75	251	40.0	4e-06
SRR8438147_1	94.4508562338189	53.0	250.19295673601798	250	40.0	0.064118
SRR8438147_2	84.03412458280046	55.0	250.48119092922425	250	50.0	0.064118
SRR8438148	0.0	46.0	250.5	250	40.0	6e-06
SRR8438148_1	96.75637678248644	54.0	250.17547030862957	250	40.0	0.089622
SRR8438148_2	88.35553770279618	55.0	250.49105130436723	250	50.0	0.089622
SRR8438149	0.0	47.0	250.16666666666666	250	40.0	1.2e-05
SRR8438149_1	95.77477030047181	52.0	250.03035758629252	250	40.0	0.08054
SRR8438149_2	89.2525453190961	54.0	250.49222746461385	250	40.0	0.08054
SRR8438150	0.0	48.0	250.27777777777777	250	40.0	1.8e-05
SRR8438150_1	94.17247897790236	52.0	250.0413760511049	250	40.0	0.061363999999999995
SRR8438150_2	86.07163809399648	53.0	250.48777785020533	250	40.0	0.061363999999999995
SRR8438151	0.0	46.0	250.3	250	40.0	9.999999999999999e-06
SRR8438151_1	89.85697359512525	52.0	250.06647765741369	250	40.0	0.023632
SRR8438151_2	77.57701421800948	54.0	250.47596479350034	250	40.0	0.023632
SRR8438152	0.0	45.0	250.33333333333334	250	40.0	3e-06
SRR8438152_1	86.98756720430107	52.0	250.14936155913978	250	40.0	0.011904
SRR8438152_2	73.23588709677419	53.0	250.9552251344086	251	40.0	0.011904
SRR8438153	0.0	46.0	250.2	250	50.0	4.9999999999999996e-06
SRR8438153_1	87.34906527735212	53.0	250.58032485442845	251	40.0	0.016315
SRR8438153_2	80.17162120747778	55.0	250.96916947594238	251	40.0	0.016315
SRR8438154	0.0	46.0	250.23076923076923	250	30.0	3.9e-05
SRR8438154_1	96.52445393971944	50.0	250.01761084979432	250	40.0	0.16944099999999998
SRR8438154_2	92.77329571945397	51.0	250.49394479494336	250	40.0	0.16944099999999998
SRR8438155	0.0	45.0	250.56	251	50.0	2.4999999999999998e-05
SRR8438155_1	85.58389759762545	49.0	250.3209442537798	250	40.0	0.10780999999999999
SRR8438155_2	71.30043595213802	52.0	250.83945830627957	251	60.0	0.10780999999999999
SRR8438156	0.0	47.0	249.92307692307693	250	40.0	1.3e-05
SRR8438156_1	95.08393636656608	52.0	250.06758855066943	250	40.0	0.10239899999999999
SRR8438156_2	89.83974452875516	54.0	250.4910741315833	250	40.0	0.10239899999999999
SRR8438157	3.8461538461538396	44.0	250.51282051282053	251	50.0	7.8e-05
SRR8438157_1	77.64015937206213	45.0	250.44811454493905	251	60.0	0.134026
SRR8438157_2	43.8310477071613	50.0	250.36566785549073	250	50.0	0.134026
SRR8438158	0.0	45.0	250.10714285714286	250	30.0	2.8e-05
SRR8438158_1	93.26435656962039	52.0	250.06568059039668	250	40.0	0.09607099999999999
SRR8438158_2	84.68320304774593	54.0	250.47639245974332	250	40.0	0.09607099999999999
